year,fuel,seller_type,transmission,owner,brand,km_dr_gr,mpow_val
25,1,1,1,1,3,0,73
22,0,1,1,2,3,2,99
21,1,1,1,1,3,2,87
24,1,0,1,1,3,0,85
22,0,1,1,2,6,3,74
14,0,1,1,2,3,2,70
24,1,1,0,1,3,1,82
15,1,1,1,3,3,3,105
24,1,1,1,1,3,0,84
19,0,1,1,1,6,1,184
17,1,1,1,3,3,3,67
22,1,1,1,1,3,0,47
14,0,1,1,2,3,2,75
19,0,1,1,1,3,3,89
14,2,1,1,3,3,3,94
23,0,1,1,1,3,0,74
25,0,1,1,1,3,1,89
23,1,1,1,1,3,0,82
23,0,1,1,1,3,0,154
17,0,1,1,2,3,3,102
15,1,1,1,2,3,1,67
23,1,1,0,1,3,0,67
21,1,1,1,1,3,1,67
24,0,1,1,1,3,1,126
20,0,1,1,2,3,3,101
24,0,1,1,1,3,0,139
10,1,1,1,1,3,1,46
20,1,1,1,2,3,2,103
19,1,1,1,2,3,2,47
21,0,1,1,1,3,1,89
25,0,1,1,1,3,0,115
19,0,1,0,3,0,2,188
18,0,1,1,1,3,3,70
10,1,1,1,2,3,3,90
17,0,1,1,3,3,2,120
17,1,1,1,2,3,2,65
24,0,1,1,1,3,1,88
12,0,1,1,4,3,3,102
23,0,1,0,1,3,1,108
22,0,1,0,1,3,2,138
23,1,1,1,1,3,1,83
23,1,1,0,1,3,1,89
23,0,1,1,1,3,1,89
16,1,1,1,2,3,1,86
15,1,0,1,1,3,1,67
22,0,1,1,1,3,0,62
19,1,1,1,1,3,1,79
21,1,1,0,1,3,1,87
23,0,0,0,1,3,0,172
15,1,1,1,1,3,0,35
21,0,1,1,1,3,1,89
23,0,1,1,1,3,2,74
26,1,1,1,1,3,0,82
6,1,1,1,1,6,1,53
19,0,1,1,1,3,2,68
18,0,1,1,1,6,2,92
23,0,1,1,2,3,0,74
13,1,1,1,1,3,2,37
17,1,1,1,3,3,1,46
17,1,1,1,1,3,1,46
23,0,1,1,1,3,1,70
21,1,0,1,1,3,0,117
23,0,1,1,1,3,2,88
13,1,1,1,2,6,1,62
20,0,0,1,1,3,1,67
22,1,1,1,2,3,1,47
19,0,1,1,2,3,3,112
24,0,1,1,1,3,0,74
22,0,1,1,1,3,2,88
21,0,1,1,1,3,3,71
19,0,0,1,2,3,2,101
23,0,1,1,1,3,1,74
25,1,1,1,1,3,0,84
4,1,1,1,2,3,1,60
20,0,1,1,1,3,3,62
19,0,1,1,2,3,1,99
25,1,1,1,1,3,0,82
19,0,1,1,2,3,3,101
16,1,1,1,1,3,2,46
23,0,1,1,1,3,0,108
17,0,1,1,3,3,3,171
18,0,1,1,1,3,2,89
19,0,1,1,1,3,3,69
22,0,1,1,1,3,1,100
17,0,1,1,3,3,3,64
25,0,1,1,1,3,0,74
22,1,0,0,1,3,2,82
19,0,1,1,1,3,0,140
22,0,1,0,1,3,1,140
23,0,1,1,1,3,0,74
18,0,1,1,2,3,2,71
16,0,1,1,2,3,2,68
14,1,1,1,2,3,3,78
24,1,0,0,1,3,1,177
21,0,1,1,1,3,0,74
10,0,1,1,2,3,3,70
20,0,1,1,1,3,3,84
23,0,0,1,1,3,1,88
17,0,1,1,1,6,3,92
16,0,1,1,2,3,3,74
23,1,1,1,1,3,1,67
9,0,1,1,2,3,3,63
18,0,1,1,1,3,1,74
23,1,1,1,2,3,1,34
23,0,1,1,1,3,2,120
19,0,1,1,1,6,1,58
25,1,1,0,1,3,0,83
18,0,1,1,1,3,2,62
16,1,1,1,2,6,1,102
14,1,1,1,2,3,2,79
12,1,1,1,3,3,2,83
23,0,1,1,1,3,1,100
19,0,1,1,2,3,2,126
14,1,1,1,2,3,3,78
25,1,1,1,1,3,0,82
20,0,1,1,2,3,2,74
23,0,0,1,1,3,1,88
25,0,0,1,1,3,0,63
16,0,1,1,4,3,2,74
15,0,1,1,1,3,3,75
21,0,1,1,1,3,3,74
20,0,1,1,1,3,2,62
25,0,1,1,1,3,0,148
22,1,1,1,1,3,0,47
21,0,1,1,1,3,2,75
24,0,1,0,1,3,2,74
19,0,1,1,3,3,2,89
17,0,1,1,1,6,1,148
19,1,1,1,3,3,2,82
22,0,1,1,1,3,2,126
14,0,0,1,2,3,1,110
21,1,1,1,1,3,0,55
23,0,1,1,1,3,1,99
18,0,1,1,1,3,3,74
16,1,1,1,1,3,3,75
20,0,0,1,2,3,2,148
20,0,1,1,1,3,3,103
25,0,1,0,1,3,0,126
19,0,1,1,1,6,2,75
18,0,1,1,1,3,1,89
4,1,1,1,4,3,2,37
20,1,1,1,1,3,2,55
21,0,0,0,1,3,2,126
18,0,1,1,2,3,2,126
23,1,1,1,1,3,0,82
19,0,1,1,1,3,2,69
24,1,0,1,1,3,0,67
26,0,1,1,1,3,0,89
23,0,0,1,1,3,1,88
24,0,1,1,1,3,0,74
15,0,1,1,2,3,3,66
16,0,1,1,2,3,3,150
22,1,1,1,1,3,1,106
17,0,1,1,1,3,1,102
5,1,1,1,1,3,0,37
23,0,0,1,1,3,0,108
23,1,0,0,1,3,1,82
19,0,1,1,1,6,2,72
24,1,1,1,1,3,0,89
22,0,1,1,1,3,3,74
18,1,1,0,1,3,3,86
23,0,1,1,1,3,1,89
21,0,1,1,1,3,0,62
25,1,1,1,1,3,0,67
21,0,0,1,1,3,1,75
16,0,1,1,1,3,1,90
25,1,1,1,1,3,0,68
9,0,1,1,1,3,2,120
21,1,1,1,1,6,2,82
4,1,1,1,3,3,2,60
21,0,1,1,1,3,1,74
24,0,1,1,1,3,0,88
14,0,1,1,1,3,3,138
24,1,1,1,1,3,0,108
20,1,1,1,1,3,0,82
24,1,0,1,1,3,0,138
24,1,0,0,1,3,0,83
19,0,1,1,2,3,3,62
19,1,1,1,1,3,1,34
22,0,1,0,1,6,2,164
20,1,1,1,1,3,0,55
19,1,1,1,2,3,1,47
13,1,1,1,1,3,2,46
20,0,1,1,2,3,2,148
23,0,1,1,1,3,1,109
19,0,1,1,1,3,3,63
20,0,1,1,1,3,2,140
19,0,1,1,2,3,1,69
14,1,1,1,3,3,2,68
6,0,1,1,2,6,2,36
16,0,1,1,1,3,2,89
19,0,1,1,1,3,2,84
19,0,1,1,2,3,2,74
25,1,1,1,1,3,0,121
25,0,1,1,2,3,0,74
19,0,1,0,1,3,2,126
23,0,1,0,1,3,1,154
20,1,1,1,2,3,3,100
17,1,1,1,1,3,3,118
24,0,1,1,1,3,2,89
14,1,1,1,3,3,2,68
19,0,1,1,1,3,3,74
18,0,1,1,1,3,3,74
21,0,0,1,1,3,1,71
18,0,1,1,2,3,3,68
16,0,1,1,3,3,3,74
20,0,1,1,2,3,1,75
19,0,1,1,1,6,1,77
12,0,1,1,1,3,3,117
25,1,1,1,1,3,0,84
23,1,1,1,1,3,0,82
22,1,1,1,2,3,0,67
20,2,1,1,2,3,2,67
18,0,1,1,2,3,3,69
22,1,1,1,1,3,0,55
21,1,1,1,3,6,1,67
14,1,1,1,1,3,3,62
23,1,1,1,1,3,0,82
24,0,1,1,1,3,1,99
23,1,1,1,1,3,1,53
24,1,0,1,1,3,1,82
19,1,0,1,1,3,1,79
21,0,1,1,1,3,3,74
13,1,1,1,2,3,2,64
16,0,1,1,2,3,2,90
22,1,0,0,1,3,0,104
16,1,1,1,2,3,1,62
19,0,1,1,3,6,2,74
21,1,1,1,1,3,2,67
26,0,1,1,1,3,0,70
18,1,1,1,1,3,2,55
20,0,1,1,1,3,3,108
23,1,1,1,1,3,0,82
17,0,1,1,2,3,3,110
11,0,1,1,2,3,3,101
19,0,1,1,3,3,3,70
16,0,1,1,2,3,2,138
23,0,1,1,1,3,0,74
24,0,1,0,1,3,0,138
9,1,1,1,2,3,2,94
21,0,1,1,1,3,2,99
17,1,1,1,2,3,2,90
18,0,0,1,1,3,2,140
16,0,1,1,1,3,2,68
22,1,1,1,2,3,0,83
19,0,1,1,2,3,3,74
23,0,0,1,1,3,1,99
23,0,1,1,1,3,1,74
16,1,1,1,1,3,1,67
20,1,1,1,1,3,2,55
18,0,1,1,1,3,2,104
21,1,1,1,2,3,1,47
18,0,1,1,2,3,3,138
17,1,1,1,1,3,0,68
19,1,1,1,1,3,2,86
26,1,1,1,1,3,0,84
20,0,1,1,1,3,2,74
23,0,1,1,1,3,1,74
19,0,1,1,3,3,3,89
21,0,1,1,1,3,0,140
25,0,1,1,1,3,0,74
16,1,1,1,2,3,2,62
21,1,1,1,1,3,0,82
24,1,0,1,1,3,0,108
20,1,1,1,1,3,0,67
21,0,0,1,1,3,1,88
23,1,1,1,1,3,1,55
9,0,1,1,2,3,3,120
23,0,1,1,1,3,3,77
25,1,1,0,1,3,0,82
19,0,1,1,2,3,2,108
7,1,1,1,2,3,1,37
24,1,1,0,1,3,0,82
23,1,0,1,1,6,0,54
16,1,1,1,1,3,2,68
11,0,1,1,3,3,3,63
11,1,1,1,2,3,1,46
22,0,1,1,1,3,3,74
22,1,1,1,1,3,0,91
22,0,1,1,1,3,2,126
19,0,1,1,1,3,2,104
20,0,1,1,1,3,2,84
16,1,1,1,3,3,2,46
23,1,1,1,1,3,1,84
19,1,1,1,2,3,1,83
21,1,1,1,1,3,0,67
21,0,1,1,1,3,2,126
16,0,1,1,2,3,3,75
23,1,1,1,1,3,1,67
25,1,1,0,1,3,0,118
21,0,1,0,1,3,1,100
21,1,1,1,2,3,3,82
23,1,1,0,1,3,1,67
11,1,1,1,2,3,2,85
15,0,1,1,2,6,3,80
20,0,1,1,1,3,3,120
19,0,1,1,2,3,3,104
22,1,0,0,1,3,0,67
23,1,1,1,1,3,0,84
24,0,1,1,1,3,0,121
13,0,1,0,4,0,3,181
22,2,1,1,1,3,2,62
17,0,1,1,2,3,3,102
15,0,1,1,1,3,3,74
22,1,1,1,2,3,2,83
18,0,1,1,2,3,3,120
23,0,1,1,1,3,1,74
16,0,1,1,2,3,1,112
21,1,1,1,1,6,1,82
23,0,1,1,1,3,1,88
23,0,1,1,1,3,1,74
18,0,1,1,1,3,1,68
16,0,1,1,2,3,2,110
23,1,1,1,1,3,1,67
18,1,1,1,2,3,2,55
11,1,1,1,4,3,2,46
14,1,1,1,4,3,1,100
21,1,1,1,1,3,1,53
20,1,1,1,1,3,0,55
17,0,1,1,1,3,3,90
18,0,1,1,2,3,2,74
18,0,1,1,2,6,2,58
17,0,1,1,1,3,2,120
16,0,0,1,2,3,2,99
18,0,1,0,2,0,3,181
21,0,1,1,1,3,3,120
18,0,1,1,1,3,2,74
16,0,1,1,2,3,1,68
23,0,0,1,1,3,1,90
19,1,1,1,2,3,1,55
17,0,1,1,2,3,3,117
13,1,1,1,3,3,2,67
22,0,1,1,1,3,1,74
14,0,1,1,1,3,3,120
17,0,0,0,1,0,2,204
10,0,1,1,3,3,2,62
13,0,1,0,2,0,1,258
15,0,1,1,4,3,3,102
20,0,1,1,1,3,1,99
21,1,1,1,2,3,1,82
23,1,1,1,2,3,0,84
18,0,1,1,3,6,2,58
23,0,1,1,1,3,3,99
23,0,1,1,1,3,1,140
20,0,1,1,1,3,3,101
20,0,1,1,1,3,0,126
23,0,1,1,1,3,1,89
13,0,1,1,2,3,3,120
13,0,1,1,2,3,3,54
13,1,1,1,4,3,3,67
23,0,1,1,3,3,2,88
15,1,1,0,2,3,2,178
23,1,1,1,1,3,0,73
16,0,1,1,3,6,3,148
3,1,1,1,2,3,3,80
24,0,1,1,1,3,2,120
26,1,1,1,1,3,0,47
19,1,1,1,2,3,0,86
22,1,1,1,1,3,1,34
12,1,1,1,1,3,2,46
21,1,1,1,1,3,1,82
23,0,1,1,2,3,1,70
18,1,1,1,3,6,1,79
22,0,1,1,1,3,1,88
23,1,1,1,1,3,2,82
18,1,1,1,1,3,3,98
22,0,1,0,2,3,1,172
25,1,0,1,1,3,0,121
20,1,1,1,1,3,2,68
19,1,1,1,1,3,0,83
17,1,1,1,1,3,2,80
16,0,1,1,3,3,3,89
22,0,1,1,1,3,3,126
26,0,1,1,1,3,1,88
14,1,1,1,4,3,2,86
19,1,0,1,1,3,0,80
14,1,1,1,2,3,2,37
19,0,1,1,2,3,3,89
20,0,1,1,1,3,2,70
22,0,1,1,1,3,2,63
24,0,1,1,2,3,3,89
25,1,1,1,1,3,0,84
17,0,1,1,2,3,2,112
19,0,1,1,2,3,2,67
22,1,1,0,1,0,2,183
14,1,1,0,1,3,1,165
21,0,1,1,1,3,1,99
23,0,1,1,1,3,1,109
20,0,1,1,2,3,3,140
20,1,1,1,1,3,1,79
23,0,1,0,2,3,1,126
18,1,1,1,2,3,2,103
13,1,1,1,4,3,3,67
19,1,1,1,1,3,3,100
22,1,1,0,1,3,1,110
20,1,1,1,1,3,1,86
24,1,1,1,1,3,0,89
17,1,1,1,2,3,2,65
25,0,1,0,1,3,0,113
22,1,1,1,3,3,1,82
23,1,1,1,1,3,0,82
22,1,1,1,1,3,0,55
22,0,1,1,2,3,1,126
23,0,1,1,1,3,0,77
15,1,1,1,1,3,3,86
19,0,1,1,1,3,2,99
25,0,1,1,1,3,0,100
17,0,1,1,1,3,2,141
21,0,1,1,2,3,2,71
23,1,1,1,1,3,0,84
23,1,1,1,1,3,1,67
14,1,0,1,2,3,1,35
17,1,1,1,2,6,1,93
13,0,0,1,2,3,1,110
19,0,1,1,2,3,3,74
12,1,1,1,2,3,2,78
16,0,1,1,2,3,2,110
22,0,1,1,1,3,3,88
17,1,1,1,2,6,1,63
16,0,1,1,1,3,3,70
12,0,1,1,4,3,3,112
13,0,1,1,3,3,3,70
9,1,1,1,3,3,1,92
19,0,1,1,1,6,1,75
17,2,1,1,2,3,2,62
25,1,1,0,1,3,0,67
25,0,0,1,1,3,0,99
22,0,0,1,1,3,1,88
17,0,1,1,2,3,3,171
22,1,1,1,1,3,1,82
13,1,1,1,2,3,2,88
9,1,1,1,3,3,2,92
14,1,1,1,4,3,1,46
25,1,1,1,1,3,0,95
18,0,1,1,1,3,3,69
21,1,0,1,1,3,1,74
17,0,0,1,2,3,2,102
20,0,1,0,2,3,2,194
19,1,1,1,2,3,0,79
23,1,1,1,1,3,0,47
23,0,1,1,1,3,3,74
26,1,1,1,1,3,0,82
23,0,1,0,1,3,1,154
24,1,1,1,1,3,0,121
18,1,1,1,1,3,0,86
24,1,0,1,1,3,0,82
20,0,1,1,1,3,3,70
18,0,1,1,1,3,3,104
15,1,1,1,4,3,3,67
18,0,1,1,2,3,2,126
23,1,1,1,1,3,1,53
15,0,1,1,2,3,3,90
22,1,1,1,2,3,0,67
20,0,1,1,2,3,1,69
24,1,1,0,1,3,0,67
21,1,0,0,1,3,1,110
13,0,1,1,2,3,2,75
24,0,1,1,1,3,0,74
17,0,1,1,2,6,3,80
25,0,1,1,1,3,2,70
20,0,1,1,2,3,3,74
16,0,1,1,2,3,2,70
18,0,1,1,1,6,3,58
14,0,1,1,2,3,3,75
23,1,0,1,1,3,0,82
24,1,1,0,1,3,0,84
24,0,1,1,1,3,0,88
16,1,1,1,2,6,1,90
25,0,1,1,1,3,0,121
24,0,1,1,1,3,2,89
24,1,1,1,1,3,0,84
12,1,1,1,2,3,3,67
19,1,1,1,1,3,2,83
13,0,1,1,3,3,3,63
21,0,1,1,1,3,2,99
22,0,1,1,1,3,3,89
17,1,1,1,3,3,1,67
17,1,1,1,3,3,1,88
20,1,1,1,1,6,0,67
16,1,1,1,1,3,1,64
24,1,1,1,1,3,0,87
23,1,1,1,1,3,0,82
17,0,1,1,2,6,2,124
24,1,0,1,1,3,0,89
19,1,1,1,1,3,2,55
17,0,1,1,1,3,2,68
25,1,1,1,1,3,0,67
18,0,1,1,2,3,3,102
25,0,1,1,1,3,0,115
14,1,1,1,3,3,2,46
19,0,1,1,1,6,2,77
14,0,1,1,2,3,3,63
17,0,0,1,1,3,2,68
24,1,1,1,1,3,0,83
19,1,1,1,2,3,1,47
17,0,1,1,2,3,2,63
20,0,1,1,2,3,3,65
22,1,1,1,2,3,1,82
15,0,1,1,2,3,3,110
18,0,1,1,1,3,3,65
22,1,1,1,2,3,0,67
16,1,1,1,1,6,1,79
25,1,1,0,1,3,0,82
22,1,1,1,1,3,2,82
11,0,1,1,3,3,2,82
19,1,1,1,1,3,0,116
24,1,1,1,1,3,0,87
18,0,1,1,1,3,2,84
22,0,1,1,2,3,3,69
19,0,1,1,2,3,1,84
23,1,0,1,1,3,0,121
14,0,1,1,1,3,3,117
18,0,1,1,2,3,3,74
23,0,1,1,1,3,2,74
24,0,1,1,1,3,1,99
16,1,1,1,3,3,2,67
19,0,1,1,1,3,3,74
15,0,1,1,1,3,3,142
13,1,1,1,2,3,3,83
21,0,1,1,2,3,3,100
17,0,1,1,1,3,1,63
22,0,1,1,1,3,0,99
21,0,1,1,1,3,1,126
16,0,1,1,3,3,3,68
15,1,1,1,2,3,2,79
23,1,1,1,1,3,0,67
17,0,1,1,1,3,2,138
24,0,1,1,1,3,0,88
23,0,1,1,1,3,1,70
20,1,1,1,1,3,0,67
17,0,1,1,2,3,3,138
18,1,1,1,2,3,3,94
25,1,1,1,1,3,0,67
14,1,1,1,1,3,1,79
23,1,1,1,1,3,0,67
19,1,1,1,2,3,1,67
20,1,1,1,2,3,1,67
24,1,1,1,1,3,0,67
23,1,1,1,1,3,1,121
20,1,1,1,1,6,1,82
21,0,1,1,1,3,1,89
20,1,0,1,1,3,3,82
15,0,1,1,2,6,2,148
21,0,1,1,1,3,1,126
25,1,1,1,1,3,0,82
26,1,1,0,1,3,0,82
21,0,1,1,1,3,1,89
18,0,1,1,1,3,3,63
23,0,1,1,1,3,1,77
16,0,1,1,1,3,2,138
4,1,1,1,2,3,2,37
20,0,1,1,1,3,3,101
18,0,1,1,2,3,3,100
26,1,1,1,1,3,0,82
18,1,1,1,1,3,2,86
20,0,1,1,2,3,2,168
20,0,1,1,1,3,2,74
12,1,1,1,2,3,2,78
23,0,1,1,4,3,1,99
22,1,1,1,2,3,1,87
18,0,1,1,1,3,3,68
25,1,1,0,1,3,0,82
19,0,1,1,3,6,2,58
14,0,1,1,3,6,2,52
23,1,1,1,1,6,0,54
25,1,1,1,1,3,0,82
21,1,1,1,2,3,1,67
22,0,1,1,1,3,0,74
22,0,1,1,1,3,2,89
24,0,1,1,1,3,0,89
24,1,1,1,1,3,0,55
25,1,1,1,1,3,2,67
17,1,1,1,2,6,1,62
13,0,1,1,2,3,3,66
14,1,1,1,2,3,2,62
21,0,1,1,1,3,1,89
15,1,1,1,3,6,3,63
17,1,1,1,2,3,2,67
11,1,1,1,1,3,2,60
22,0,0,0,1,3,2,126
23,1,1,1,1,3,1,83
21,1,1,1,2,3,0,83
12,1,1,1,3,3,0,127
25,1,0,0,1,3,0,82
21,0,1,1,1,3,1,74
24,1,0,0,1,3,0,67
14,1,1,1,2,3,2,46
15,1,1,1,2,3,3,46
15,0,1,1,1,3,2,69
23,0,1,1,1,3,0,89
24,0,1,1,1,3,1,88
24,1,1,1,1,3,0,67
22,1,1,1,1,3,0,55
22,0,1,1,2,3,1,74
21,0,1,1,1,3,2,120
13,1,1,1,4,3,1,62
20,2,1,1,1,3,0,81
23,1,1,1,1,3,1,82
25,0,1,1,1,3,0,153
19,1,1,1,1,3,2,68
25,1,1,0,1,3,0,84
21,0,1,1,2,3,2,62
21,1,1,1,2,3,1,47
16,0,0,1,1,3,2,87
24,0,1,1,1,3,0,89
17,0,1,1,2,3,3,68
23,1,0,0,1,3,1,110
15,1,1,1,2,3,2,67
20,0,1,1,1,3,2,89
16,0,1,1,4,3,3,115
15,1,1,1,2,3,3,116
25,0,1,1,1,3,0,89
21,0,1,1,1,3,2,84
19,0,1,1,3,3,3,89
23,1,1,1,1,3,0,34
17,0,1,1,2,3,2,75
10,1,1,1,1,3,1,37
22,0,1,1,2,3,3,148
17,0,1,1,2,3,2,68
19,1,0,1,1,3,1,74
23,1,1,1,1,3,3,64
22,0,1,1,1,3,3,89
21,0,1,0,1,3,3,168
12,1,1,1,2,3,3,60
24,0,1,1,1,3,1,99
12,1,1,1,3,3,3,78
17,0,1,1,2,3,3,68
24,1,1,0,2,3,0,67
20,0,1,1,2,3,3,89
18,0,1,1,1,3,2,70
15,1,1,1,2,3,1,68
21,0,1,0,1,0,2,184
23,0,1,1,1,3,3,70
23,0,1,1,2,3,0,74
22,1,1,1,1,3,0,117
22,0,1,1,1,3,1,63
19,2,1,1,2,3,2,58
16,1,1,1,4,3,0,35
24,1,1,1,1,3,0,47
22,0,1,0,1,3,1,140
17,0,1,1,3,3,3,120
18,0,0,0,1,3,2,126
14,0,1,1,3,3,3,69
24,1,0,1,1,3,0,84
17,0,1,1,1,3,3,62
17,0,1,1,1,3,2,138
21,1,1,1,1,3,1,47
21,1,1,1,1,3,0,82
19,0,1,1,1,3,3,84
11,1,1,1,1,3,3,94
23,0,0,1,1,3,0,148
17,0,1,1,2,3,2,138
16,1,1,1,3,3,2,86
15,1,1,1,2,3,2,46
24,0,0,1,1,3,0,88
25,1,1,1,1,3,0,82
21,1,1,0,2,3,1,67
16,1,1,1,4,6,2,79
20,0,1,1,3,3,3,74
23,0,1,1,2,3,2,74
17,0,1,1,2,3,3,75
24,1,0,1,1,3,0,121
20,1,1,1,1,3,0,67
23,1,0,1,1,3,0,89
23,0,1,1,1,3,0,154
20,0,1,1,1,3,0,74
18,1,0,1,1,3,1,87
25,1,1,1,1,3,0,82
16,1,1,1,1,3,1,80
17,0,1,1,2,3,3,102
14,1,1,1,2,3,1,103
24,0,1,1,1,3,0,109
23,0,1,1,2,3,0,74
24,1,1,1,1,3,0,55
20,0,1,1,4,3,2,85
24,0,1,1,1,3,1,45
17,0,1,1,1,6,0,91
15,1,1,1,3,3,0,68
25,0,1,1,1,3,0,74
17,1,1,1,1,3,2,67
24,0,1,1,1,3,0,148
18,1,1,1,1,3,1,79
25,1,0,1,1,3,0,105
15,1,0,1,1,3,1,79
19,1,1,1,1,3,0,37
22,0,1,1,2,3,2,88
18,0,1,1,1,3,3,62
17,0,1,1,4,3,3,115
21,0,1,1,1,3,3,67
21,1,1,1,2,6,1,67
20,1,1,1,1,3,0,94
19,1,1,1,2,3,2,148
12,1,1,1,2,3,3,60
18,0,1,1,2,3,2,68
19,0,1,1,2,3,2,89
23,1,1,1,2,3,1,47
25,1,0,1,1,3,0,82
17,0,1,1,3,3,3,63
19,0,1,1,2,3,3,75
23,0,1,1,1,3,2,98
17,0,1,1,1,3,3,102
25,1,1,1,1,3,0,82
18,2,1,1,1,3,3,62
25,0,1,0,1,3,0,88
8,1,1,1,3,3,2,37
16,1,1,1,4,3,2,46
23,0,1,0,1,3,0,74
11,0,1,1,2,3,2,82
23,1,1,0,1,3,0,118
15,1,0,0,1,3,2,165
21,1,0,1,2,3,1,68
24,1,1,1,1,3,0,68
18,0,1,1,3,3,2,89
20,1,1,1,2,3,1,82
24,0,1,1,1,3,3,67
25,1,1,1,1,3,0,82
23,1,1,1,1,3,0,68
16,0,1,1,1,3,3,74
22,0,1,1,1,3,3,74
16,1,1,1,1,3,2,67
24,1,1,1,1,3,1,82
19,0,1,1,1,3,3,89
24,1,1,0,1,3,1,82
23,0,0,1,1,3,1,88
18,0,1,1,1,3,1,74
22,1,0,1,1,3,1,84
18,0,1,1,1,3,2,100
24,1,1,1,1,3,0,74
15,1,1,1,1,3,3,67
18,0,1,1,1,3,2,104
19,0,1,1,2,6,1,77
20,1,1,1,2,3,2,67
22,0,1,1,2,3,1,77
19,1,0,1,1,3,0,83
6,0,1,1,4,3,3,68
18,1,1,1,1,3,2,74
24,0,1,1,1,3,0,108
21,0,1,1,1,3,1,89
3,1,1,1,2,3,2,60
18,0,0,1,1,3,3,102
15,1,1,1,1,3,0,118
25,1,0,1,1,3,0,82
18,0,1,1,2,3,3,74
18,0,1,1,2,3,2,85
20,0,1,1,1,3,0,67
23,1,1,1,1,3,0,82
19,1,1,1,1,3,1,86
21,1,0,0,1,3,0,67
19,0,1,1,1,3,2,74
22,0,0,1,1,3,2,99
17,1,1,1,2,3,1,46
24,1,1,1,1,3,0,82
19,0,1,1,1,3,2,140
14,0,1,1,2,3,3,67
20,1,1,1,1,3,1,82
23,0,0,1,1,3,2,90
12,0,1,1,3,3,3,68
13,1,1,1,1,3,1,65
23,0,1,1,1,3,2,89
19,0,1,1,1,3,3,74
24,0,1,1,1,3,0,45
21,0,1,1,2,3,0,74
24,0,1,1,1,3,0,140
19,0,1,1,2,3,2,104
21,0,1,1,2,3,2,74
17,0,1,1,2,6,3,124
23,0,0,1,1,3,2,104
24,0,1,1,1,3,0,108
25,1,1,1,1,3,0,53
25,0,1,1,1,3,1,98
19,1,1,1,1,3,2,94
15,0,1,1,3,3,3,65
18,1,1,1,1,3,0,64
22,0,1,1,2,3,3,67
25,0,1,1,1,3,0,113
18,0,1,1,1,3,3,102
23,0,0,1,1,3,0,88
24,0,0,1,2,3,1,99
19,0,0,1,1,3,3,176
20,0,1,1,1,3,2,140
23,1,1,1,1,3,0,89
13,0,1,1,2,3,2,63
23,0,1,1,1,3,1,126
21,0,1,1,1,3,3,101
16,1,1,1,3,3,3,79
20,0,1,1,1,3,2,74
13,1,1,0,1,3,3,130
23,1,1,1,2,3,0,89
15,1,1,1,1,3,2,46
13,0,1,1,4,3,3,102
16,1,1,1,1,3,0,46
22,0,1,1,2,6,1,92
24,0,1,1,1,3,0,140
23,1,1,1,1,3,1,84
19,0,1,1,1,3,3,89
10,1,1,1,2,3,3,94
23,2,1,1,1,3,1,62
11,0,1,1,1,3,3,102
25,0,0,1,0,3,0,109
23,1,1,1,2,3,0,67
18,1,1,1,1,3,1,79
23,1,1,1,1,3,0,82
25,0,1,1,1,3,0,99
25,1,1,0,1,3,0,82
19,0,1,1,1,3,2,63
18,0,1,1,4,3,3,84
20,1,1,1,1,3,0,86
15,1,1,1,2,3,2,46
15,0,1,1,1,3,1,90
20,0,1,1,2,3,2,89
24,0,1,1,1,3,0,77
22,0,1,1,1,3,2,74
21,0,1,1,1,3,3,101
18,1,1,1,1,3,1,55
23,2,1,1,1,3,1,58
18,1,1,1,2,3,2,67
24,0,1,1,1,3,0,74
24,1,1,1,1,3,0,53
19,0,0,1,2,3,2,74
21,0,1,1,1,3,2,126
24,1,1,1,1,3,0,67
18,0,1,1,3,3,3,74
14,0,1,1,2,3,3,110
23,1,1,1,2,3,0,47
17,0,0,0,1,0,1,190
23,1,1,1,1,3,0,67
20,1,1,1,1,6,0,82
19,0,1,1,1,3,2,62
23,0,1,1,1,3,0,108
23,0,1,1,1,3,1,98
16,1,1,1,1,3,1,65
18,1,1,1,1,3,2,148
17,1,1,1,1,3,2,35
20,0,1,1,1,3,3,84
21,1,1,1,1,3,0,121
18,0,1,1,1,3,3,89
19,0,1,0,2,3,3,126
19,1,1,0,2,3,3,99
18,0,1,1,2,3,2,74
20,0,1,1,1,6,3,74
20,0,1,1,2,6,2,74
19,0,1,1,1,3,3,62
21,0,0,1,1,3,1,74
23,1,1,1,1,3,0,82
20,1,1,1,1,3,2,82
18,1,1,1,1,3,3,46
23,0,1,1,2,3,0,100
23,0,1,1,2,3,0,74
21,0,1,1,2,3,3,99
16,1,1,0,2,0,0,204
16,1,1,1,2,6,1,79
23,1,1,1,1,3,0,82
17,1,1,1,1,3,2,89
17,0,1,1,4,3,3,120
16,0,1,1,1,3,2,70
19,0,1,1,1,3,3,126
23,0,1,1,1,3,0,74
17,1,1,0,1,3,0,79
13,1,1,1,3,3,2,65
24,1,1,0,1,3,0,82
23,0,1,1,1,3,3,89
23,1,1,1,1,3,0,55
14,1,1,1,2,3,1,103
23,0,1,1,1,3,1,77
19,1,1,1,2,3,1,67
21,1,1,1,1,3,0,82
22,1,1,1,2,3,3,86
22,1,1,1,3,3,0,53
19,0,1,1,2,3,1,90
23,0,1,1,1,3,1,89
23,0,1,1,1,3,2,62
21,1,1,1,1,3,0,67
19,0,1,1,2,3,2,126
19,0,1,1,1,3,0,68
10,0,1,1,2,3,3,63
16,1,1,1,1,6,2,79
21,0,1,1,1,3,1,74
15,0,1,1,1,3,3,71
20,0,1,1,1,3,1,108
18,0,1,1,1,3,1,62
16,0,1,1,2,3,2,69
22,0,1,0,1,3,2,74
22,1,1,1,1,3,1,47
18,0,1,1,2,3,2,126
20,0,1,1,1,3,3,140
18,0,1,1,1,3,2,74
22,0,1,1,1,3,2,88
21,1,1,1,1,3,2,94
6,1,1,1,2,3,2,37
15,0,1,1,2,3,2,75
20,1,1,1,2,3,0,47
20,1,1,1,3,3,2,47
23,0,1,1,1,3,1,74
25,0,1,1,1,3,0,89
21,0,1,1,1,3,1,89
24,1,1,1,1,3,1,82
13,1,1,1,3,3,2,46
12,0,1,1,2,3,3,120
18,0,1,1,2,3,2,68
18,0,1,1,2,3,3,69
18,0,1,1,2,3,3,102
24,1,0,1,1,3,0,68
24,0,1,1,1,3,1,74
20,1,1,1,1,3,0,79
12,0,1,1,1,6,2,80
21,1,1,1,2,3,0,55
22,0,1,1,1,3,2,126
21,0,1,1,1,3,2,89
18,0,1,1,2,3,2,126
23,1,1,0,1,3,0,117
18,0,1,1,2,3,2,104
23,0,1,1,2,3,1,99
25,1,1,1,1,3,0,82
24,0,0,1,1,3,0,108
24,0,1,1,1,3,0,88
21,1,1,1,1,3,1,82
23,0,0,1,1,3,1,126
17,0,1,1,3,3,2,138
21,0,1,1,1,3,2,89
23,0,1,1,1,3,2,99
23,0,1,1,1,3,0,148
15,1,1,1,1,3,3,79
22,1,1,0,1,3,0,67
24,1,1,1,1,3,0,83
17,1,1,1,2,3,0,46
22,1,0,1,1,3,1,89
22,1,1,1,2,3,0,82
15,0,1,1,1,3,2,138
14,0,1,1,2,3,3,69
19,1,0,1,1,3,1,82
19,0,1,1,1,3,1,67
21,1,1,1,1,3,1,102
24,0,1,1,1,3,2,88
12,1,1,0,1,3,3,127
24,0,1,1,1,3,0,170
16,0,1,1,2,3,3,95
21,0,1,1,1,3,1,126
24,1,1,1,1,3,0,84
24,1,1,0,1,3,0,82
18,1,1,1,2,3,3,35
20,0,1,1,2,3,3,67
22,1,1,1,2,3,1,79
18,1,1,1,1,3,2,86
19,1,1,1,2,3,1,37
21,1,1,1,2,3,1,47
26,1,1,1,2,3,2,67
11,0,1,0,2,0,3,198
23,0,1,1,1,3,3,88
13,1,1,1,2,3,2,63
19,0,1,1,1,3,3,62
24,1,1,1,1,3,0,67
25,1,1,1,1,3,0,75
18,0,1,1,2,3,0,89
23,0,1,1,1,3,0,140
25,0,1,0,1,3,1,74
18,0,1,1,2,3,3,115
21,0,1,1,1,3,2,120
16,0,1,1,1,3,1,75
20,0,1,1,2,3,3,90
18,0,1,1,2,3,3,90
22,0,1,1,3,3,1,70
16,1,1,1,3,3,3,80
12,0,1,1,2,3,3,110
18,0,1,1,2,3,2,78
18,1,1,1,1,3,0,86
20,0,1,0,1,3,3,126
23,1,1,1,2,3,0,55
20,0,1,1,1,3,3,74
22,1,1,1,1,3,1,53
20,0,1,1,1,3,2,126
17,0,1,1,2,3,2,68
15,1,1,0,1,3,2,138
20,0,1,1,3,3,3,62
16,1,1,1,1,3,3,62
23,0,0,1,1,3,1,126
23,0,0,1,1,3,1,99
23,1,1,1,1,3,0,84
12,1,1,0,3,3,3,141
18,1,1,1,1,3,0,86
22,0,1,1,1,3,1,84
22,0,1,1,2,3,2,89
21,1,1,1,2,3,1,83
24,1,1,1,1,3,3,68
16,1,1,1,1,3,2,116
14,1,1,1,3,3,2,46
21,0,1,1,1,3,2,89
20,0,1,1,1,3,3,94
23,1,1,1,1,3,0,82
21,0,1,1,1,3,3,89
15,0,1,1,3,3,3,74
20,0,0,1,1,3,3,99
24,1,1,1,1,3,0,68
22,0,1,1,1,3,3,71
19,0,1,1,2,3,1,89
19,0,1,1,1,3,3,120
23,1,1,1,1,3,0,47
23,1,1,1,2,3,2,82
23,0,1,0,1,3,1,74
20,1,1,1,2,3,2,82
20,1,1,1,1,3,2,121
25,0,1,1,1,3,1,89
5,1,1,1,3,3,2,37
16,0,1,1,1,3,3,71
25,0,1,1,1,3,0,62
23,1,1,1,1,3,0,47
18,0,1,1,2,3,3,89
20,0,1,1,1,3,2,74
25,0,1,1,1,3,0,105
10,1,1,1,2,3,2,37
17,1,1,0,2,0,2,204
23,0,1,1,2,3,2,100
21,0,1,1,1,3,3,138
18,0,1,1,3,3,3,126
23,1,1,1,1,3,1,87
17,0,1,1,2,3,3,64
16,1,1,1,2,3,3,118
23,0,1,1,1,3,2,99
14,0,1,0,2,0,3,170
22,1,1,1,1,3,1,53
17,0,1,1,1,3,1,68
16,0,1,1,2,3,2,90
24,1,1,0,1,3,0,106
18,0,1,1,2,3,2,65
20,0,1,1,1,3,1,140
20,0,1,0,2,3,2,103
23,0,1,1,1,3,3,100
25,1,1,1,1,3,0,84
18,0,1,1,2,3,3,104
13,1,1,1,2,3,3,78
21,0,1,1,1,3,1,74
19,0,1,1,3,3,2,140
20,0,1,1,3,3,3,74
23,1,1,0,1,3,1,67
17,0,1,1,3,3,2,140
21,1,1,1,3,3,2,82
21,0,1,1,1,3,2,88
25,0,1,1,1,3,0,140
21,0,1,1,2,3,2,89
23,0,1,1,1,3,3,74
18,1,1,1,1,3,1,98
26,1,1,0,1,3,0,82
17,0,1,1,2,3,3,126
17,0,0,1,1,3,2,90
15,1,1,1,2,3,2,67
11,0,1,1,2,3,3,120
4,1,1,1,3,6,3,77
20,1,1,1,1,3,0,82
20,0,1,1,1,3,1,74
24,1,1,1,1,3,0,47
20,0,1,1,2,3,2,74
22,1,1,1,3,3,1,67
20,1,0,0,1,3,2,117
22,1,1,1,1,3,1,67
21,1,1,1,1,6,1,67
18,1,0,1,1,3,1,113
20,0,1,1,2,3,2,74
17,1,1,1,1,3,0,67
23,1,1,1,1,3,1,84
23,1,1,1,1,3,0,82
23,1,1,1,2,3,0,84
19,0,1,1,3,3,2,104
17,0,1,1,2,3,3,126
25,1,1,1,1,3,0,68
18,1,1,1,1,3,0,83
22,0,1,1,2,3,1,140
25,0,1,1,1,3,0,99
23,1,1,1,1,3,0,82
24,0,1,1,1,3,2,70
16,1,1,1,2,3,0,46
19,0,1,1,2,3,3,108
17,1,1,1,1,3,2,68
15,0,1,0,2,3,3,120
22,0,1,1,2,3,2,62
22,1,1,1,1,3,0,82
21,0,1,1,1,3,3,126
19,0,1,1,1,3,3,112
25,1,0,1,1,3,0,68
22,0,0,0,1,3,3,161
20,0,1,1,2,3,3,99
16,1,1,1,2,3,1,86
17,0,1,1,1,3,3,102
15,1,1,1,4,6,2,62
21,1,1,1,1,3,2,82
21,1,1,1,1,3,1,83
20,1,1,1,2,3,2,55
21,1,1,1,1,3,0,47
17,0,1,1,1,3,2,104
16,1,1,1,2,3,2,178
5,1,1,1,1,3,2,37
22,0,1,1,1,3,1,88
22,0,0,1,1,3,1,99
18,1,1,1,1,3,3,116
17,0,1,1,2,3,2,69
21,1,0,1,1,3,2,67
18,0,1,1,1,3,3,100
19,0,1,1,2,3,2,126
19,0,1,1,2,3,3,62
21,0,1,1,1,3,3,85
23,0,1,1,1,3,0,170
22,1,1,1,1,3,0,82
22,0,1,0,3,3,2,140
23,1,1,1,1,3,0,83
21,0,1,1,2,3,3,67
19,0,1,1,2,3,2,74
17,0,1,0,2,3,2,120
23,1,0,1,1,3,0,35
18,0,1,1,2,3,2,112
20,0,1,1,3,3,3,140
21,1,1,1,1,3,0,67
12,0,1,1,3,3,3,66
19,0,0,1,2,3,2,74
24,0,0,1,1,3,1,74
17,0,1,1,2,3,3,102
0,1,1,1,1,3,1,37
23,0,1,1,1,3,1,70
18,1,1,1,1,3,2,62
23,0,0,1,1,3,0,74
22,1,1,1,2,3,0,67
13,1,1,1,2,3,2,46
21,0,1,1,2,3,3,74
14,0,1,1,3,3,2,120
17,1,1,1,1,3,1,86
19,1,1,1,1,3,0,86
22,1,1,1,1,3,2,87
20,0,1,1,2,3,2,126
15,0,1,1,2,3,3,53
22,1,1,1,1,3,2,67
24,0,1,1,1,3,1,89
14,2,1,1,3,3,2,36
22,0,1,1,1,6,3,72
24,0,0,1,1,3,1,100
23,1,1,1,1,3,1,82
24,1,0,0,1,3,0,82
19,1,1,1,1,3,0,47
18,0,1,1,2,3,2,74
15,1,1,1,3,3,1,86
15,0,1,1,2,3,3,68
23,1,0,1,1,3,0,82
19,0,1,0,1,0,0,170
24,1,1,1,1,3,0,47
18,0,1,1,2,3,2,70
21,0,1,1,1,3,3,67
20,0,1,1,2,3,2,126
17,0,1,1,2,3,2,68
16,1,1,1,2,3,1,86
19,0,0,1,2,3,3,84
23,1,1,1,1,3,0,55
24,0,1,1,1,3,1,74
24,0,1,1,1,3,0,77
17,0,1,1,3,3,2,110
23,1,1,1,1,6,1,67
22,1,0,1,1,3,0,82
18,0,1,1,2,3,2,65
12,1,1,1,3,3,1,64
15,0,1,1,2,3,2,54
22,0,0,1,1,3,1,84
24,0,1,1,1,3,0,74
16,0,1,1,1,3,3,112
21,0,1,1,2,3,3,126
17,1,1,1,1,3,0,118
21,0,1,1,1,3,1,87
18,1,1,1,1,3,2,37
20,1,1,1,1,3,1,86
20,0,0,1,1,3,1,99
18,0,1,1,4,3,2,69
14,1,1,0,2,3,3,80
19,0,1,1,3,3,3,74
24,1,1,1,1,6,0,67
20,1,1,1,1,3,1,106
21,0,1,1,2,3,2,89
15,1,1,1,2,3,3,103
20,0,1,1,1,3,1,62
16,0,1,1,3,3,3,75
19,0,0,1,1,3,2,140
19,0,1,1,1,3,1,89
17,1,1,1,2,3,1,98
16,1,1,1,2,6,2,62
21,0,1,1,1,3,3,126
23,1,0,1,1,3,0,87
22,0,1,1,1,3,3,71
21,0,1,1,1,3,1,94
20,1,1,1,1,6,2,99
16,1,1,1,1,3,3,86
22,1,1,1,1,3,1,47
19,0,1,1,1,3,2,99
22,0,1,1,3,3,1,74
23,0,1,1,1,3,0,140
19,1,1,1,1,3,3,86
22,1,1,1,1,3,1,87
20,0,1,1,1,3,3,108
17,0,1,1,2,3,3,75
14,1,1,1,2,3,3,78
18,0,1,1,1,3,3,90
19,1,0,1,1,3,1,67
13,1,1,1,2,3,2,63
13,1,1,1,2,3,2,46
19,0,0,1,1,3,1,89
24,1,1,0,1,3,1,99
14,0,1,0,1,3,3,140
23,1,1,1,1,3,0,82
17,0,1,1,1,3,2,74
21,0,1,1,1,3,2,120
25,1,1,1,1,3,0,84
24,1,1,1,1,3,0,83
18,0,1,1,2,3,3,100
21,0,1,1,1,3,1,84
20,0,1,1,2,3,1,99
17,0,1,1,2,3,2,104
15,1,0,1,1,3,1,118
22,1,1,1,1,3,0,67
19,0,1,1,1,3,1,140
19,1,1,0,1,3,1,79
17,0,1,1,2,3,3,68
19,0,1,1,2,3,3,115
17,0,0,1,2,3,2,69
18,0,1,1,2,3,2,108
24,0,0,1,1,3,1,74
20,0,1,1,2,3,3,74
18,0,1,1,3,3,2,140
21,1,1,1,1,3,1,89
20,0,1,1,1,3,2,74
20,0,1,1,1,3,3,140
20,1,1,1,2,3,2,79
20,1,1,1,1,3,1,73
18,0,1,1,3,3,1,126
21,1,1,1,1,3,1,67
22,0,1,1,1,3,1,100
18,1,1,1,2,3,2,74
19,0,1,1,1,3,2,89
19,1,1,1,2,3,1,55
20,0,1,1,1,3,3,67
18,1,1,1,2,3,3,198
18,1,1,1,1,3,1,79
20,1,1,1,1,3,1,86
16,0,1,1,2,3,2,74
18,0,0,1,2,3,2,68
24,1,0,0,1,3,2,82
19,0,1,1,1,3,3,89
10,1,1,1,2,3,3,46
16,1,1,1,2,6,2,62
18,1,1,1,1,3,2,67
17,0,1,1,1,3,1,74
18,1,1,0,1,3,2,138
21,0,1,1,2,3,2,47
19,0,1,1,3,3,3,62
22,1,1,1,2,3,1,47
17,1,1,1,2,3,2,64
15,0,1,1,2,3,2,74
22,1,1,1,1,3,0,82
15,0,1,1,1,3,1,90
23,1,1,1,1,3,2,73
23,0,1,1,1,3,1,99
15,1,1,1,3,3,3,86
20,1,1,1,1,3,1,55
17,1,1,1,1,3,3,89
21,1,1,1,1,3,1,55
23,0,1,1,2,3,1,126
21,0,1,1,1,3,2,99
17,0,1,1,1,6,1,75
23,0,1,1,1,3,1,88
18,1,1,1,2,3,2,46
15,1,1,1,2,3,2,90
14,1,1,1,2,3,3,103
19,1,1,1,2,3,2,79
15,1,1,0,2,3,3,159
24,1,1,1,1,3,0,82
25,1,0,0,1,3,0,89
19,1,1,1,1,3,2,62
23,0,0,1,1,3,2,99
19,0,1,1,1,3,0,74
11,1,1,1,2,3,2,67
20,0,1,1,1,3,3,69
21,0,1,1,1,3,3,99
22,0,1,1,1,3,2,89
24,0,0,1,1,3,0,88
22,1,1,1,3,3,2,86
12,0,1,1,1,3,3,102
19,0,1,1,3,3,3,74
18,1,1,1,3,6,2,79
19,0,0,1,2,3,1,108
20,0,1,1,1,3,3,108
22,0,1,1,1,3,3,100
17,1,1,1,2,3,2,79
22,0,1,1,1,3,1,126
25,1,0,1,1,3,0,87
16,1,1,1,1,3,2,67
24,0,1,1,1,3,0,69
14,1,1,1,2,3,1,125
21,0,1,0,1,3,2,140
21,0,1,1,1,3,2,89
23,0,1,1,1,3,1,89
22,1,1,1,1,3,1,47
18,1,1,1,1,3,1,67
25,1,0,0,1,3,0,103
13,1,1,1,1,3,3,78
20,0,1,1,1,3,0,63
22,0,1,1,1,3,2,88
21,1,1,0,1,3,1,89
19,0,1,1,1,3,1,89
17,0,1,1,2,3,3,74
22,0,1,1,2,3,0,148
19,0,1,1,2,3,3,68
17,0,1,1,2,3,2,67
22,0,1,0,1,3,1,100
24,2,1,1,1,3,2,58
13,0,1,1,2,3,3,122
22,0,1,1,1,3,3,148
23,0,0,1,1,3,2,88
20,1,1,1,1,3,1,86
19,0,0,1,1,3,1,74
19,0,1,1,1,3,3,63
20,1,1,1,3,3,2,82
21,1,1,1,1,3,0,79
24,0,1,1,1,3,0,99
11,1,1,1,2,3,2,67
22,0,1,1,1,3,0,100
20,0,1,1,1,3,2,74
23,0,1,1,2,3,2,99
20,1,1,1,2,3,1,55
18,0,1,1,2,3,2,74
17,1,1,1,1,3,3,67
17,1,1,1,2,3,1,79
23,0,1,1,2,3,2,71
24,1,1,1,1,3,0,100
19,0,1,1,1,3,1,62
23,0,0,1,1,3,1,140
24,0,1,1,1,3,0,99
23,0,1,1,1,3,3,154
23,1,1,1,1,3,0,80
23,0,1,1,1,3,0,89
21,1,1,1,1,3,1,67
24,1,0,1,1,3,0,117
22,1,1,1,1,3,1,47
23,1,1,1,2,3,0,82
24,1,1,1,1,3,0,82
13,1,1,1,3,3,2,46
25,0,0,1,1,3,1,88
16,1,1,1,1,6,1,79
21,0,1,1,1,6,3,92
21,1,1,1,2,3,2,82
11,0,1,1,1,3,2,63
11,1,1,1,1,3,2,83
23,0,1,1,1,3,2,126
20,1,1,1,1,3,1,79
16,1,1,1,2,6,1,62
25,1,1,0,1,3,0,84
21,1,1,1,1,6,0,77
24,1,1,1,1,3,0,84
13,1,0,1,2,3,1,46
18,0,1,1,3,3,2,74
18,2,1,1,1,6,2,60
22,0,1,1,2,3,0,99
16,0,1,1,2,3,3,171
18,0,1,1,2,3,3,90
17,0,1,1,1,3,2,74
23,1,0,0,1,3,1,118
21,0,1,1,1,3,0,126
24,0,1,1,1,3,1,109
24,1,1,1,1,3,0,53
21,0,1,1,1,3,3,99
12,1,1,1,2,6,2,104
23,1,1,1,1,3,0,47
21,0,1,1,1,3,3,126
25,1,1,0,1,3,0,103
18,0,1,1,1,3,2,67
18,0,1,1,2,3,2,74
23,0,1,1,1,3,1,170
24,0,1,1,1,3,0,108
25,1,0,1,1,3,0,74
22,1,1,1,1,3,3,67
20,1,1,1,1,3,0,79
17,0,1,1,2,3,1,71
19,1,1,0,2,3,2,76
21,0,1,1,1,3,3,94
16,0,1,1,2,6,2,91
16,1,1,1,1,3,0,105
20,0,1,1,1,3,1,74
23,0,1,1,1,3,2,120
15,0,1,1,2,3,3,110
16,1,1,1,1,3,3,67
21,1,0,1,1,3,0,74
18,1,1,1,1,3,0,55
23,2,1,1,1,3,3,58
19,1,1,1,1,3,0,37
14,0,1,1,1,3,3,70
19,0,1,1,2,3,3,89
13,0,1,1,2,3,3,110
24,1,1,1,1,3,0,108
22,1,1,1,1,3,0,47
20,0,1,1,2,6,3,74
15,0,1,1,3,3,2,120
22,0,1,1,1,3,0,148
21,1,1,1,1,3,0,121
21,0,1,1,2,3,3,140
22,1,1,1,1,3,0,53
17,0,1,1,2,3,2,120
21,1,1,1,1,3,1,67
11,1,1,1,2,3,2,67
20,0,1,1,1,3,0,70
22,0,1,1,1,3,1,74
11,1,1,1,1,3,1,46
24,1,1,1,1,3,0,75
19,0,1,1,1,3,3,68
23,0,1,1,2,6,1,74
23,1,1,1,1,3,0,84
22,1,0,0,1,3,2,154
14,0,1,1,3,3,3,120
14,1,1,1,2,3,2,46
19,0,1,1,1,3,3,69
15,0,1,1,3,3,2,74
14,1,1,1,1,3,3,159
3,1,1,1,2,3,3,37
19,0,0,1,1,3,2,100
19,1,1,1,1,3,0,73
18,0,1,1,1,3,2,108
16,1,1,1,1,3,1,46
13,0,1,1,1,3,3,68
22,0,1,1,2,3,2,99
19,0,1,1,3,3,2,126
17,1,1,1,2,3,3,74
24,1,1,0,2,3,0,82
16,0,1,1,1,6,3,80
22,0,1,1,1,3,2,47
25,1,0,1,1,3,0,74
23,1,0,1,1,6,1,67
17,0,0,1,2,3,2,68
12,1,1,1,1,3,1,46
16,2,1,1,2,3,2,103
21,0,1,1,1,3,2,75
21,0,1,1,2,3,2,101
24,1,1,1,1,3,0,95
21,1,1,0,1,3,1,76
19,0,1,1,2,3,1,62
19,0,1,1,1,3,1,74
25,1,1,1,1,3,0,84
21,1,1,1,1,3,1,67
18,0,1,1,1,3,1,67
22,0,1,1,1,3,2,99
22,1,1,1,1,3,1,82
19,0,1,1,1,3,3,74
22,1,1,1,1,3,2,53
21,1,1,1,1,3,2,73
18,0,1,1,1,3,1,69
15,1,1,1,1,3,2,67
18,0,1,1,4,3,2,68
19,0,1,1,1,3,3,89
23,0,1,1,2,3,0,170
21,0,1,1,1,3,0,89
19,1,1,1,1,3,0,55
19,0,0,1,1,3,3,99
26,0,1,1,1,3,0,88
19,0,1,1,1,3,1,74
21,0,1,1,2,6,3,72
12,0,1,1,2,3,3,68
25,1,0,1,1,3,0,87
20,0,1,1,2,3,2,75
24,1,1,1,1,3,1,67
21,0,1,1,1,3,2,88
18,0,1,1,1,3,3,112
19,0,0,0,1,0,1,170
22,0,1,1,1,3,3,62
20,0,0,1,1,3,2,99
25,0,1,1,1,3,1,88
24,1,1,1,1,3,0,82
16,1,1,1,2,3,3,64
24,0,1,1,1,3,1,99
16,0,1,1,1,3,2,74
16,0,1,1,2,3,3,171
16,0,1,1,2,3,2,75
25,1,0,0,1,3,0,141
25,1,1,1,1,3,0,73
21,0,0,1,1,3,1,75
23,1,1,1,2,3,0,82
23,0,1,0,1,3,1,108
20,0,1,0,2,0,1,148
24,1,1,1,1,6,0,67
24,1,1,0,2,3,0,67
18,0,1,1,2,6,1,75
23,1,0,0,1,0,0,178
18,0,1,1,1,3,1,74
22,1,1,1,2,3,0,91
11,1,1,1,2,3,1,83
26,1,1,1,1,3,0,47
23,1,1,1,1,3,1,79
23,0,0,1,1,3,2,74
21,0,1,1,1,3,3,101
18,1,1,1,3,3,1,104
23,1,0,1,1,3,0,82
19,0,1,1,2,3,2,108
24,0,1,1,1,3,0,88
16,0,1,1,1,3,3,69
24,1,1,1,1,3,1,67
18,0,1,1,4,3,2,87
26,1,0,1,1,3,0,82
18,0,0,1,1,3,3,68
24,0,1,1,1,3,1,74
21,1,1,1,1,3,1,37
16,0,1,0,2,0,3,241
21,0,1,1,2,3,2,99
11,1,1,1,4,3,2,46
24,1,0,1,1,3,0,82
10,1,1,1,2,3,2,125
11,1,1,1,2,3,2,46
20,1,1,1,2,3,1,46
18,0,1,1,1,3,2,138
17,0,1,1,3,3,2,68
21,0,1,1,1,3,2,88
13,1,1,1,2,3,3,46
22,0,1,1,1,3,2,99
14,0,1,1,2,3,3,68
12,0,1,1,3,3,2,120
19,2,1,1,2,3,2,47
19,0,1,1,1,3,2,62
19,0,1,1,3,3,3,99
24,1,1,1,2,3,0,82
20,1,1,1,2,3,2,82
24,0,1,1,1,3,0,88
24,0,1,1,1,3,0,99
21,1,1,1,1,3,0,82
24,1,0,0,1,3,0,83
22,0,0,1,1,3,2,74
12,1,1,1,2,3,2,64
22,0,1,1,2,3,2,74
25,1,1,1,1,3,0,109
11,1,1,0,2,3,2,100
21,1,0,1,1,3,1,89
14,0,1,1,2,3,3,102
23,1,1,1,2,3,0,67
18,0,1,1,2,3,2,63
22,1,1,1,1,3,1,74
25,1,1,1,1,3,0,68
12,1,1,1,3,3,1,144
15,1,1,1,1,6,0,62
21,0,1,1,1,3,1,89
19,0,1,1,2,3,1,89
13,0,1,1,2,3,3,110
20,0,1,0,2,3,2,169
21,0,1,1,1,3,2,99
18,0,1,1,1,3,3,120
14,0,1,1,4,3,3,120
17,1,1,1,3,3,2,67
16,0,1,1,2,3,2,138
5,1,1,1,2,3,1,37
21,0,1,1,1,3,2,99
22,0,1,1,1,3,2,69
22,0,1,1,1,3,2,69
20,1,0,1,1,3,1,123
22,0,1,1,1,3,3,89
22,0,1,1,1,3,2,89
22,1,1,1,2,3,0,47
26,1,1,1,1,3,0,67
18,1,1,1,2,6,2,62
18,0,1,1,3,3,1,69
24,1,1,1,1,3,0,121
21,0,1,1,2,3,2,120
16,1,1,1,1,3,0,70
24,0,1,1,1,3,0,154
16,0,1,1,2,3,3,74
11,1,1,1,2,3,2,60
16,1,1,1,3,3,2,103
21,0,1,1,2,3,2,74
22,1,1,1,2,3,0,68
14,0,1,1,3,3,1,70
19,0,0,1,2,3,2,74
23,1,1,1,1,3,0,55
21,0,1,1,1,3,0,140
19,0,1,1,1,3,2,100
26,1,1,1,2,3,0,95
21,0,1,1,1,3,0,84
17,1,1,1,3,3,2,118
13,1,1,1,2,3,1,37
18,0,1,1,1,3,3,140
19,0,1,1,3,3,2,99
13,1,1,1,3,3,2,64
21,0,1,1,1,3,3,99
21,1,1,1,1,3,0,117
25,1,1,0,1,3,0,82
13,1,1,1,2,3,2,67
20,1,1,1,1,3,1,117
25,1,1,1,1,6,0,67
19,0,1,1,1,3,3,89
22,1,1,1,1,3,0,89
20,0,1,1,1,3,1,70
19,1,1,1,1,3,1,67
19,0,1,1,2,3,3,74
24,0,0,1,1,3,0,88
16,0,1,1,2,3,3,87
17,0,1,1,1,3,3,95
9,1,1,1,2,3,3,67
14,1,1,1,2,3,2,67
19,0,1,1,2,3,2,88
22,1,1,1,1,6,0,67
18,0,1,1,1,3,2,120
18,0,1,1,1,3,3,70
16,1,1,1,1,3,1,67
21,0,1,1,1,3,2,89
12,1,1,1,3,3,3,78
13,1,1,1,2,3,3,82
17,0,1,1,2,3,2,126
24,1,1,1,2,3,0,82
22,0,1,1,1,3,0,89
20,1,1,1,1,3,1,67
20,1,1,1,1,3,1,47
11,1,1,1,2,3,3,46
19,0,0,1,2,3,2,74
24,1,1,1,1,3,0,82
20,0,1,1,2,3,2,89
22,1,1,1,2,3,1,87
23,1,1,1,1,3,2,47
20,0,1,1,2,3,2,138
21,1,1,1,1,3,1,67
20,1,1,1,3,3,2,55
19,1,1,1,2,3,0,83
24,1,0,1,1,3,0,53
8,1,1,1,1,3,1,80
18,0,1,1,2,3,3,108
25,1,1,0,1,3,0,82
24,1,1,1,1,3,0,67
22,1,1,1,1,3,0,47
16,0,1,1,2,3,3,110
19,0,0,0,1,3,1,113
23,1,1,1,1,3,1,47
20,0,1,1,1,3,1,67
17,0,0,1,2,3,1,104
21,0,1,1,1,3,2,140
23,1,1,0,1,3,0,121
21,1,1,1,1,3,0,91
25,1,0,1,1,3,0,82
22,1,1,1,1,3,3,73
24,0,1,0,1,3,2,109
18,0,1,1,2,3,2,84
24,0,1,1,1,3,1,70
24,1,0,1,2,3,1,94
11,1,1,1,1,3,1,46
20,1,1,1,2,3,2,67
24,1,1,0,1,3,0,104
16,1,1,1,2,3,2,90
22,0,1,1,2,3,2,70
20,1,1,1,1,3,2,55
22,0,1,1,1,3,3,88
18,1,1,1,2,3,1,116
23,0,0,1,1,3,1,120
15,1,1,1,1,3,2,46
20,0,1,1,2,3,3,89
17,1,0,1,1,3,1,79
22,0,1,1,1,3,1,74
18,0,1,1,3,3,3,108
25,1,1,1,1,3,0,67
23,0,1,1,1,3,1,74
17,1,1,1,1,3,1,86
16,0,1,1,2,3,3,75
5,0,1,1,2,3,3,68
17,0,1,1,2,3,2,74
19,0,1,1,1,3,2,89
14,1,1,1,2,3,1,70
21,0,1,1,4,3,1,70
21,0,0,1,2,3,3,101
15,1,1,0,3,3,1,130
22,1,1,1,1,3,0,55
18,0,1,1,3,3,3,67
22,0,1,1,1,3,0,99
23,0,1,1,2,3,1,120
26,1,1,1,1,3,0,82
23,0,1,1,1,3,1,74
11,0,1,1,3,3,3,68
24,1,1,0,1,3,0,99
16,1,1,1,2,3,1,66
19,0,1,1,2,3,3,126
22,0,1,1,1,3,1,100
24,1,1,1,2,3,0,84
13,0,1,1,3,3,2,54
24,0,1,1,1,3,3,140
24,0,1,1,1,3,0,88
23,1,1,1,1,3,0,67
22,0,0,0,1,0,1,181
23,1,1,1,1,3,0,82
20,1,1,1,2,3,1,38
25,2,1,1,1,3,0,58
18,0,1,1,2,3,3,126
24,1,1,1,1,3,0,67
24,0,1,1,1,3,3,94
18,1,1,1,1,3,1,35
17,0,1,1,2,3,2,120
19,0,1,1,3,3,2,75
22,1,1,1,1,3,1,82
23,0,1,1,2,3,3,74
22,0,1,1,1,3,1,100
24,0,1,1,1,3,0,99
20,0,1,1,2,3,2,138
25,2,1,1,1,3,0,62
12,1,1,1,3,3,3,46
17,1,1,1,1,3,0,66
18,0,1,1,3,3,3,74
17,0,1,1,3,6,2,75
18,1,1,1,1,3,0,67
22,1,1,1,1,3,0,67
24,1,1,1,1,3,0,108
23,1,1,0,1,3,0,82
20,1,1,1,2,3,1,82
10,1,1,0,2,3,2,218
19,0,1,1,3,3,3,89
22,1,0,1,1,6,1,67
24,0,1,1,1,3,0,74
19,0,1,1,1,3,1,89
23,1,1,1,1,3,0,118
20,1,1,0,1,0,1,121
15,0,1,1,2,3,2,71
24,0,0,1,1,3,0,153
17,0,1,1,2,3,3,120
22,1,1,1,1,3,0,84
23,0,1,1,1,3,2,74
24,0,1,1,2,3,2,108
23,1,1,1,2,3,0,53
21,0,1,1,1,3,2,88
20,0,1,1,1,3,2,89
19,1,1,1,1,3,2,86
18,0,1,1,2,3,2,89
11,1,1,1,2,3,3,100
20,0,1,1,2,3,2,140
19,1,1,1,2,3,1,47
17,1,1,1,1,3,3,74
22,0,1,1,1,3,2,88
23,0,1,1,1,3,1,140
20,0,1,1,1,6,1,72
20,1,1,1,3,3,1,103
23,1,1,1,1,3,0,84
13,1,1,1,1,3,2,46
20,0,1,1,1,3,1,138
14,1,1,1,2,3,2,46
20,0,1,1,2,3,1,65
19,1,1,0,2,3,2,100
18,1,1,1,2,3,3,198
24,1,1,1,1,3,0,83
22,1,1,1,1,3,0,53
23,1,1,1,2,3,0,55
23,0,1,1,1,3,2,99
19,0,1,1,1,3,2,63
19,0,1,1,1,3,2,62
19,0,1,1,2,3,2,84
21,0,1,1,1,6,2,72
15,1,1,1,4,3,2,62
23,0,1,1,1,3,0,89
18,0,1,1,2,3,3,89
22,0,1,1,1,3,2,74
20,1,1,1,2,3,2,67
21,0,1,1,1,3,3,140
13,1,1,1,3,3,3,46
24,0,1,1,2,3,2,74
13,0,1,1,3,3,3,102
23,1,1,1,1,3,0,68
12,1,1,1,2,3,1,88
22,0,1,1,1,3,1,99
24,1,1,1,1,3,0,67
19,1,1,1,2,3,1,55
16,0,1,1,2,3,2,106
22,1,1,1,1,3,0,121
18,1,0,1,1,3,0,82
20,0,1,1,1,3,1,140
14,1,1,1,1,3,1,62
16,0,1,1,1,3,3,89
21,1,1,1,1,3,2,82
22,1,1,1,1,3,1,67
17,0,1,1,2,3,3,90
21,0,1,1,1,3,2,89
20,0,1,1,1,3,3,140
23,1,1,1,2,3,1,67
25,0,0,1,1,3,0,99
20,0,1,1,1,3,3,108
18,0,1,1,2,3,0,69
25,1,1,1,1,3,0,84
19,0,1,1,1,6,2,77
25,1,1,1,1,3,0,89
23,1,1,1,2,3,1,67
19,0,1,1,1,3,3,75
23,1,1,1,1,3,1,83
17,0,1,1,3,3,3,63
23,1,1,1,1,3,1,121
23,1,1,1,2,3,0,68
15,0,1,1,2,3,3,90
23,1,1,1,1,3,0,67
17,1,1,1,3,3,2,73
17,0,1,1,2,3,3,105
20,0,1,1,1,3,2,89
14,0,1,1,2,3,2,117
18,1,1,1,1,6,1,79
19,0,1,1,2,3,3,69
24,0,0,1,1,3,1,100
23,1,1,1,1,3,3,117
23,1,1,1,1,3,2,73
16,2,1,1,1,3,2,94
21,0,1,1,1,3,3,99
17,1,1,1,2,3,1,79
18,1,1,1,3,3,2,46
21,1,1,1,1,3,0,67
24,1,1,1,1,3,0,84
18,1,1,1,1,3,3,104
19,0,1,0,1,0,3,174
13,1,1,1,3,3,1,78
25,1,0,1,1,3,0,105
10,1,0,1,1,3,1,37
23,1,1,1,1,3,1,84
20,0,1,1,2,3,3,99
21,0,1,1,1,3,2,71
18,0,1,1,1,3,2,108
23,1,1,1,1,3,0,47
18,0,1,1,1,3,3,75
20,1,1,1,1,3,2,55
25,1,1,1,1,3,0,71
17,0,1,1,2,3,2,74
21,1,1,0,2,3,2,82
20,1,1,1,1,3,0,86
18,1,1,1,3,3,2,46
17,1,1,1,1,3,1,104
14,0,1,1,3,3,3,68
12,1,1,1,2,3,2,46
21,1,1,1,1,3,0,82
12,1,1,1,2,3,2,130
25,1,0,1,1,3,0,82
19,0,1,1,1,3,2,99
24,1,1,1,1,3,0,67
21,0,1,1,1,3,3,89
25,0,1,0,1,3,0,108
24,0,1,1,1,3,1,70
9,1,1,1,3,3,3,60
20,0,1,1,1,3,2,62
21,1,1,1,1,3,2,55
23,1,1,1,1,3,1,67
15,1,1,1,4,3,2,35
21,1,1,1,1,3,0,117
18,0,1,1,1,3,0,65
21,1,1,1,1,3,1,47
15,1,1,1,1,3,2,86
12,1,1,1,4,3,3,67
22,1,1,1,3,3,1,103
22,1,1,1,1,3,2,67
23,0,0,1,1,3,1,99
17,0,1,1,1,3,3,171
19,0,1,1,1,3,2,74
22,0,1,1,2,3,3,89
22,1,1,1,1,3,2,67
17,1,0,1,1,3,1,89
13,0,1,1,4,3,3,75
23,0,1,1,1,3,0,74
20,1,1,1,3,3,2,86
15,1,1,1,3,3,2,46
14,1,1,1,4,3,1,37
19,0,1,1,1,3,1,74
25,1,1,1,1,3,0,67
23,1,0,0,1,3,1,187
20,1,1,1,2,3,2,55
23,1,1,1,1,3,0,67
24,1,1,1,1,3,1,82
21,0,1,1,1,3,3,74
22,2,1,1,1,3,1,58
16,1,0,1,2,3,1,117
18,0,1,1,4,3,2,89
16,0,1,1,1,3,3,171
24,0,1,1,1,3,1,70
20,1,1,1,2,3,2,82
24,0,1,1,1,3,2,170
21,0,1,1,1,3,1,71
16,1,1,1,1,3,1,80
25,0,1,1,1,3,0,108
22,1,1,1,1,3,1,55
20,1,1,1,1,3,2,67
24,1,1,0,1,6,0,67
9,1,1,1,1,3,1,37
25,1,1,1,1,3,0,82
21,0,1,1,1,3,1,99
25,1,1,0,1,3,0,89
17,1,1,1,3,3,2,46
24,0,1,1,1,3,1,74
21,0,1,1,1,3,3,104
18,0,1,1,1,3,2,89
24,1,1,1,2,3,0,82
20,1,1,1,2,3,0,79
22,0,1,1,1,3,2,100
8,1,1,1,4,3,3,94
23,1,1,1,1,3,0,83
23,0,1,1,1,3,1,89
17,0,1,1,1,3,3,95
21,1,1,1,1,6,0,67
16,1,1,1,1,3,3,46
17,0,1,1,2,3,1,64
22,0,1,1,3,3,2,89
24,0,1,1,1,3,1,88
22,0,0,1,1,3,3,88
25,0,1,1,1,3,0,70
14,1,1,1,1,3,0,37
23,1,0,1,1,3,0,67
13,1,1,1,3,3,3,78
20,1,0,0,1,3,0,103
18,0,1,1,2,3,3,126
16,0,1,1,1,6,1,148
24,0,1,1,1,3,0,74
22,0,1,1,1,3,3,74
17,1,1,1,4,3,1,62
13,1,1,1,1,3,0,64
20,0,1,1,1,3,3,62
21,1,1,1,1,3,0,47
20,1,1,1,2,3,0,47
20,1,1,1,2,3,0,64
24,0,1,1,1,3,1,74
23,0,1,1,1,3,1,74
20,1,1,1,1,3,0,82
17,0,1,1,2,3,2,74
24,0,1,1,1,3,0,89
10,1,1,1,4,3,2,46
24,1,1,1,1,3,0,83
16,0,1,0,1,0,1,218
12,1,1,1,4,3,2,83
25,1,1,1,1,6,0,67
21,1,1,0,2,3,2,76
18,1,1,1,2,3,1,62
21,1,1,1,1,3,1,82
15,0,1,1,2,3,2,138
24,0,1,1,1,3,0,88
24,1,1,1,1,3,0,108
23,1,1,1,1,3,0,82
24,1,1,1,1,3,0,84
21,1,1,1,1,3,1,89
21,1,1,1,2,3,3,117
18,1,1,1,1,3,1,94
20,0,1,1,3,3,3,140
17,0,1,1,1,3,2,104
16,1,1,1,3,6,2,76
18,0,1,1,1,3,3,74
22,0,1,1,1,3,2,88
21,0,1,1,2,3,3,89
24,0,1,1,1,3,0,148
14,0,1,1,1,3,2,63
22,0,1,1,2,3,1,74
9,1,1,1,4,3,2,67
19,0,1,1,1,3,0,69
24,1,1,1,1,3,1,73
18,0,1,1,1,3,2,63
17,1,1,1,2,3,2,86
24,1,1,1,1,3,0,118
17,0,1,1,1,3,3,68
22,0,1,1,2,3,2,99
18,1,1,1,3,3,2,67
18,1,1,1,1,3,0,67
18,0,1,1,3,3,3,67
13,1,1,1,2,3,3,46
14,1,1,1,3,3,2,46
16,1,1,1,3,3,2,79
14,0,1,1,3,3,3,120
21,1,1,0,1,3,0,67
23,1,1,1,1,3,1,34
23,1,1,1,1,3,0,82
15,0,1,1,2,3,3,75
21,0,1,1,3,3,1,88
24,1,1,1,1,3,0,108
19,0,1,1,3,3,2,74
23,0,0,1,1,3,2,88
25,0,1,1,1,3,0,74
20,0,1,1,2,3,3,89
25,1,1,1,1,3,0,95
21,0,1,1,1,3,1,176
24,1,1,1,2,3,0,47
22,0,1,1,2,3,3,118
23,0,1,1,1,3,3,69
23,0,1,1,1,3,1,74
18,1,1,1,4,3,2,79
20,1,1,1,1,3,1,67
15,1,1,1,1,3,3,105
21,0,0,1,1,3,1,99
22,1,1,1,1,3,0,47
22,0,1,1,1,6,0,74
24,1,1,1,1,3,0,82
20,0,1,1,2,3,2,70
17,0,1,1,2,3,3,75
22,0,1,1,1,3,2,74
23,0,1,1,1,3,0,88
23,1,1,1,1,3,2,117
12,1,1,1,2,3,2,100
18,0,1,1,1,3,3,95
19,1,1,1,2,3,2,87
15,1,1,1,2,3,2,79
23,0,1,1,1,3,3,126
20,1,1,1,1,3,2,67
24,1,1,1,1,3,0,82
22,0,1,1,1,3,2,100
12,1,1,1,2,3,3,37
19,1,1,1,3,3,1,37
18,0,0,1,1,3,2,63
23,0,1,1,1,3,1,74
19,0,1,1,1,3,3,68
21,0,1,1,1,3,1,74
16,1,1,1,2,3,3,103
16,0,1,1,3,3,2,90
15,0,1,1,2,3,2,67
15,1,1,1,2,6,2,67
16,0,1,1,2,3,3,63
24,1,1,0,1,3,0,83
12,1,1,1,3,3,2,103
16,0,1,1,1,3,3,68
10,1,1,1,2,3,0,37
24,1,1,1,1,3,0,47
18,0,1,1,1,3,3,141
18,1,1,1,2,3,2,86
19,1,1,1,1,3,2,121
20,1,1,1,2,3,2,86
22,1,1,1,1,3,0,83
23,1,1,1,1,3,1,87
19,0,1,0,1,3,3,184
22,1,1,1,1,3,0,82
20,0,1,1,2,3,3,108
24,1,1,1,2,3,2,82
15,0,1,0,2,3,3,120
21,0,1,1,1,3,2,62
22,1,1,1,1,3,0,87
23,0,0,1,1,3,1,74
24,1,1,1,1,6,1,67
16,1,1,1,1,3,1,46
18,0,1,1,2,3,2,126
8,0,1,1,2,3,1,58
24,0,0,0,1,3,0,172
18,1,1,1,2,3,1,79
22,1,1,1,1,3,0,53
7,1,1,1,2,3,0,37
16,1,1,1,2,3,1,68
22,0,1,1,1,3,2,120
23,1,1,1,1,3,0,53
14,0,1,1,3,3,3,70
18,0,1,1,3,3,3,85
20,0,0,0,2,0,0,121
19,0,1,1,2,3,0,89
19,0,1,1,1,3,3,84
19,0,1,1,3,3,2,74
20,0,1,1,2,3,3,69
13,1,1,1,2,3,1,64
18,0,1,0,1,0,1,184
19,0,1,1,3,3,3,74
17,0,0,1,1,3,3,126
21,1,1,1,2,3,0,110
24,1,1,1,1,3,0,67
23,1,1,1,2,3,1,84
21,1,1,1,2,3,1,94
20,0,1,1,2,3,2,74
25,1,1,1,1,3,0,110
18,0,1,1,1,3,2,62
17,0,1,1,1,3,1,63
22,1,1,1,1,3,0,67
10,1,1,1,3,3,2,46
24,0,0,1,1,3,1,99
18,0,1,1,1,6,2,58
21,0,1,1,1,6,2,92
19,0,1,1,1,3,2,67
22,1,1,1,1,3,1,87
16,2,1,1,2,3,2,62
13,0,1,1,2,3,2,138
20,1,1,1,1,3,0,82
17,0,1,1,2,3,3,71
21,0,1,1,2,3,3,89
18,1,1,1,1,3,0,80
21,1,0,1,1,3,0,83
24,1,1,1,1,3,0,95
23,1,0,1,1,3,0,80
24,0,1,1,2,3,0,88
23,1,1,1,1,3,0,121
20,0,1,1,1,3,1,126
18,0,1,0,1,0,1,170
14,0,1,1,1,3,3,75
15,1,1,1,2,3,2,66
22,1,1,1,2,3,0,67
21,1,1,1,1,3,1,82
21,0,1,1,1,3,1,67
17,1,1,1,3,3,2,67
17,0,1,0,2,3,3,120
11,1,1,1,1,3,3,90
22,1,0,1,1,3,1,67
25,1,1,1,1,3,0,82
25,0,1,1,1,3,1,121
18,1,1,1,2,3,2,116
16,1,1,1,1,3,1,46
15,0,1,1,1,3,2,74
23,1,1,1,1,3,0,55
19,0,1,1,1,6,2,58
21,0,1,1,2,6,1,92
21,0,1,1,1,3,1,74
19,0,1,1,2,3,3,62
13,0,1,1,3,3,2,70
24,1,1,1,1,3,0,82
21,0,1,1,1,3,2,74
22,1,1,1,1,3,0,121
25,1,1,1,1,3,0,68
24,0,1,1,1,3,0,88
20,0,0,1,1,3,2,62
25,0,1,1,1,3,0,89
16,1,1,1,2,6,2,90
14,1,1,1,2,3,3,35
25,1,1,1,1,3,0,53
26,0,1,1,1,3,0,109
10,1,1,1,2,3,2,67
25,0,1,1,1,3,0,88
16,1,1,0,3,3,3,79
23,0,0,1,1,3,1,74
20,0,1,1,1,3,3,89
21,0,1,1,2,3,3,168
18,1,1,1,1,3,2,67
24,1,1,0,1,3,0,67
21,1,1,1,2,3,0,47
21,0,1,1,1,3,1,70
24,0,1,1,1,3,1,69
11,1,1,1,2,3,2,46
17,0,1,1,1,3,0,68
24,1,1,1,1,3,0,67
15,1,1,1,2,3,2,46
24,0,0,1,1,3,0,99
16,0,1,1,1,3,3,68
18,0,1,1,1,3,2,74
25,1,1,0,1,3,0,82
21,0,1,1,1,3,3,140
20,1,1,1,1,3,1,82
18,0,1,1,2,3,2,70
21,1,1,1,1,3,0,83
14,0,1,1,1,3,1,62
11,1,1,1,2,3,3,88
16,0,1,1,4,6,3,80
24,0,1,1,1,3,1,88
23,0,1,1,1,3,1,88
23,0,1,1,1,3,2,84
20,0,0,1,1,3,2,74
17,1,1,1,2,3,2,79
19,0,1,1,1,3,3,85
23,0,1,1,1,3,3,100
22,0,1,0,1,3,3,100
23,1,0,1,1,3,2,67
24,1,0,1,1,3,0,67
17,1,1,1,2,3,2,68
22,0,1,1,1,3,0,89
17,0,1,1,1,3,3,64
18,0,1,1,4,3,2,140
24,1,1,1,1,3,0,108
20,1,1,1,1,3,2,86
22,1,1,1,2,3,1,91
13,1,1,1,2,3,1,37
13,1,1,1,3,3,1,46
18,0,1,1,2,3,1,74
20,0,1,1,2,3,2,126
24,1,1,1,1,3,1,89
16,1,1,1,2,3,2,70
19,1,1,1,1,3,0,47
20,0,1,1,1,3,2,68
24,0,1,1,1,3,0,88
22,1,1,1,2,3,1,47
21,0,1,1,2,6,2,72
16,0,1,1,2,3,3,68
16,0,1,1,1,3,3,74
22,0,1,1,1,3,3,70
25,1,1,1,1,3,0,82
25,1,1,1,1,3,0,82
20,0,1,1,1,3,2,120
18,0,1,1,1,3,3,74
20,0,1,1,1,3,3,63
21,0,1,1,1,3,1,101
21,0,1,1,1,3,2,99
21,0,1,1,1,3,2,101
9,1,1,1,2,3,1,94
23,1,1,1,1,3,0,82
21,0,1,1,2,3,3,88
21,1,1,1,1,3,1,117
16,1,0,1,1,3,2,67
24,1,1,0,2,3,0,67
20,0,1,0,2,0,1,201
20,0,1,1,1,3,3,168
25,1,1,1,1,3,0,95
25,1,1,1,1,3,0,80
19,0,0,1,1,3,1,141
22,0,0,1,1,3,0,88
17,0,1,1,1,3,1,74
19,2,1,1,1,3,1,62
22,0,1,1,1,3,1,88
23,0,0,0,1,3,1,172
22,0,1,1,1,3,2,120
23,1,0,1,1,3,0,89
14,1,1,1,3,3,1,67
15,1,1,1,1,3,3,46
24,0,1,1,1,3,0,88
20,0,1,1,1,3,1,89
18,1,1,1,1,3,2,47
24,1,1,0,1,3,0,67
22,1,1,1,1,6,1,67
22,1,1,1,1,3,1,82
10,1,1,1,2,3,3,125
19,0,1,1,1,3,3,85
22,0,1,1,1,3,1,74
16,0,1,1,1,3,3,102
22,0,1,1,1,3,2,74
22,0,1,1,1,3,0,70
15,1,1,1,2,3,0,65
18,0,1,1,2,3,3,75
24,1,1,1,1,3,1,82
24,0,1,1,1,3,1,89
21,0,1,1,2,3,2,88
16,1,0,1,1,3,0,67
20,0,1,1,2,3,2,89
23,1,1,1,1,3,1,82
17,2,1,1,1,3,3,58
16,0,1,1,3,3,3,120
20,0,1,1,2,3,1,70
19,1,1,1,1,3,0,47
13,1,1,1,3,3,2,130
22,0,0,1,1,3,1,99
19,0,1,1,3,3,3,84
22,0,1,1,1,3,2,140
19,1,1,1,1,3,2,47
21,0,1,1,1,3,2,101
17,0,1,1,2,3,2,104
24,1,1,1,1,6,2,67
23,0,1,0,1,3,1,126
19,0,1,1,3,3,2,74
20,0,1,1,1,3,2,104
23,1,1,1,1,3,0,89
22,1,1,1,1,6,0,77
23,0,0,1,1,3,1,88
20,0,1,1,2,3,2,140
18,1,0,1,1,3,1,87
22,0,0,1,1,3,1,89
25,0,1,1,1,3,1,62
13,1,1,1,3,3,2,85
22,1,1,0,1,3,1,82
19,1,0,1,1,6,1,99
18,0,1,1,2,3,3,74
17,1,1,1,1,3,1,67
22,0,1,1,1,3,2,99
21,0,0,1,1,3,1,88
10,1,1,1,2,3,3,165
16,1,1,1,1,3,1,105
10,1,1,1,2,3,3,37
19,0,1,1,1,3,2,104
22,1,0,1,1,3,2,53
15,1,1,1,2,3,1,79
24,0,1,0,1,3,0,88
23,1,1,1,1,3,0,53
19,1,1,1,1,3,2,83
18,0,1,1,2,3,3,78
16,0,1,1,3,3,3,75
21,1,1,1,1,3,0,82
20,0,1,1,1,3,3,63
17,0,1,1,1,3,2,74
20,0,1,1,1,3,3,74
19,0,1,1,2,3,3,140
23,1,1,1,1,3,1,82
19,0,1,1,2,3,3,101
18,1,1,1,1,3,1,87
24,1,1,1,1,3,0,67
20,0,0,1,1,3,2,67
25,1,1,1,1,3,2,82
23,1,1,1,1,3,0,82
22,1,1,1,1,3,0,47
16,1,1,1,2,6,2,62
23,1,1,1,1,3,1,67
20,0,0,1,1,3,1,84
20,0,1,1,2,3,2,67
16,0,1,0,1,3,3,120
22,1,1,1,2,3,1,83
22,0,1,0,2,3,2,140
5,1,1,1,3,3,2,60
18,0,1,1,2,3,2,74
18,0,1,1,1,3,2,138
15,1,1,0,2,3,3,130
17,0,1,1,2,3,1,70
23,1,1,1,1,6,3,67
22,0,1,1,1,3,1,70
21,0,1,1,2,3,3,101
17,0,1,1,2,3,2,70
16,0,1,1,4,6,3,105
17,0,1,1,4,6,2,58
12,1,1,1,2,3,3,60
25,1,1,1,1,3,0,82
16,1,1,1,4,3,2,38
20,0,1,1,1,3,2,112
22,1,1,1,1,3,1,83
19,0,1,1,1,6,1,58
13,1,1,1,2,3,3,46
20,0,1,1,2,6,2,56
20,0,1,1,2,3,2,74
18,0,1,1,1,3,3,74
21,1,1,1,1,3,2,67
21,0,1,0,1,3,1,126
17,0,1,1,1,3,2,63
17,0,1,1,1,3,2,68
24,0,1,1,1,3,1,74
14,1,1,1,3,3,2,79
24,1,1,1,1,3,0,91
20,0,0,1,1,3,1,74
23,0,1,1,1,3,2,69
25,1,1,1,1,3,0,82
12,1,1,1,2,3,2,37
16,1,1,1,2,3,2,79
13,1,1,1,1,3,3,88
24,0,0,1,1,3,0,99
17,0,1,1,1,3,2,67
18,0,1,1,2,3,3,63
13,0,1,1,3,3,3,120
13,1,1,1,2,3,0,46
19,1,1,1,2,3,1,86
15,0,1,1,2,3,2,75
17,0,1,1,2,3,2,138
18,0,1,1,1,3,3,126
21,0,1,1,2,3,3,118
24,0,1,1,1,3,0,170
6,1,1,1,4,3,2,37
23,0,1,1,1,3,1,99
15,0,1,1,2,3,3,70
15,1,1,1,1,3,0,46
25,1,1,1,2,3,0,75
16,0,0,1,2,6,1,92
18,1,0,1,1,3,0,38
17,0,1,1,2,3,2,68
22,0,0,1,1,3,3,99
17,0,1,1,3,3,3,138
18,0,1,1,2,3,3,70
25,1,1,1,1,3,0,82
9,1,1,1,2,3,2,70
17,0,1,1,2,3,2,115
21,1,0,1,1,3,1,117
23,0,1,1,2,3,1,126
19,0,1,1,1,3,1,85
9,1,1,1,4,3,2,37
24,1,0,1,1,3,0,82
23,0,1,1,1,3,1,88
19,1,1,1,1,3,0,86
24,1,1,1,1,3,2,84
17,0,1,1,1,3,3,69
26,1,1,1,1,3,0,108
18,0,1,1,1,3,2,74
24,1,1,1,1,3,0,34
21,0,1,1,3,3,3,120
21,0,1,1,1,3,3,89
23,1,1,1,1,3,0,82
23,1,1,1,1,3,1,87
18,1,0,0,1,3,1,138
24,1,1,1,1,3,0,47
23,1,1,1,1,3,0,47
24,1,1,1,1,3,1,82
13,1,1,1,2,3,1,37
23,0,1,1,1,3,1,69
17,0,1,1,1,3,2,90
23,1,1,1,1,3,0,89
14,1,1,1,3,3,2,64
15,0,1,1,3,3,3,68
17,0,1,1,3,3,2,110
17,1,1,1,3,3,2,79
20,0,1,1,2,3,1,62
21,1,1,1,2,3,3,53
25,0,0,1,1,3,0,121
20,0,1,1,1,3,2,194
16,0,1,1,2,3,3,75
18,1,0,1,2,3,0,104
21,0,1,1,1,3,2,74
20,0,1,1,1,3,2,108
22,0,0,1,1,3,1,99
15,1,1,1,2,3,3,79
21,1,1,1,1,3,1,67
16,1,1,1,1,3,1,67
21,0,1,1,1,3,0,74
25,1,1,1,1,3,0,75
21,0,1,1,1,3,1,126
18,0,1,0,2,6,1,184
16,1,1,1,2,3,2,46
22,1,1,1,2,3,2,82
19,0,1,1,1,3,3,67
15,1,1,1,1,3,1,37
19,0,1,1,1,3,2,74
20,0,0,1,1,3,1,71
17,1,1,1,1,3,2,46
22,1,1,1,1,3,1,83
23,0,1,1,1,3,0,105
15,1,1,0,3,0,2,272
20,1,1,1,1,3,2,67
26,1,1,1,1,3,0,82
24,1,1,1,1,3,0,82
23,0,1,1,1,3,2,88
23,0,1,1,2,3,2,62
17,1,1,1,1,3,0,67
26,1,1,1,1,3,0,88
24,0,1,1,1,3,1,88
16,1,1,1,3,3,1,46
13,0,1,1,1,3,3,102
14,0,1,1,1,3,2,70
13,0,1,1,1,3,3,110
17,0,1,1,2,3,3,63
17,0,1,1,2,3,3,63
17,0,1,0,1,0,1,184
23,0,0,1,1,3,0,148
25,0,1,1,1,3,1,126
23,1,1,1,1,3,0,67
21,0,1,1,1,6,2,92
22,0,1,1,1,3,2,88
15,0,1,1,1,3,3,112
19,0,1,1,3,3,3,74
22,0,1,1,2,3,1,77
24,1,1,1,1,3,0,84
24,1,1,0,1,3,1,121
24,0,1,1,1,3,1,98
14,0,1,1,3,3,3,75
23,1,1,1,1,3,0,82
25,1,0,0,1,3,0,118
25,1,1,1,1,3,2,82
23,0,1,1,1,3,1,120
6,1,1,1,2,3,1,37
16,1,1,1,2,6,1,62
18,0,1,1,1,3,2,75
25,1,1,0,1,3,0,82
18,2,1,1,1,3,1,58
15,0,1,1,2,3,2,63
17,0,1,1,3,6,2,124
13,0,1,1,3,3,3,102
14,0,1,1,4,3,3,138
20,1,1,1,1,6,1,82
16,2,1,1,4,3,1,58
23,1,1,1,1,3,0,82
21,0,1,1,1,3,3,101
22,0,1,1,1,3,1,74
9,1,1,1,1,3,3,46
14,1,1,1,4,3,2,103
17,0,1,1,3,3,2,126
9,1,1,1,1,3,0,37
24,1,1,1,1,3,0,83
10,1,1,1,2,3,2,46
24,1,1,1,1,3,0,67
16,0,1,1,4,3,3,112
18,1,1,1,1,3,3,73
18,0,1,1,1,3,3,62
17,0,1,1,2,3,2,68
22,1,0,0,1,3,1,121
24,0,1,1,1,3,0,99
22,0,1,1,1,3,2,89
22,1,1,1,1,3,0,82
18,0,1,1,2,3,3,126
25,1,1,1,1,3,0,82
19,1,1,1,1,3,1,64
20,1,0,1,1,3,1,80
20,0,1,1,1,3,2,74
21,1,1,1,2,3,0,82
22,0,1,1,1,3,2,99
17,1,1,1,3,3,0,35
22,0,1,1,1,3,2,63
21,0,1,1,2,3,3,99
22,1,1,1,1,3,0,121
21,0,0,1,1,3,3,99
22,0,1,0,2,3,1,74
24,1,1,1,2,3,0,82
20,0,1,1,2,3,3,138
14,0,1,1,2,3,3,54
21,0,1,1,1,3,0,74
24,0,1,1,1,3,2,74
24,1,1,1,1,3,0,87
23,0,1,1,1,3,0,88
17,0,1,1,3,3,3,104
24,1,1,1,1,3,0,53
16,0,0,1,1,3,2,68
13,1,1,1,2,6,0,76
20,0,1,1,2,3,2,140
15,1,1,1,2,3,1,67
21,0,1,1,1,3,0,47
21,0,1,1,3,3,1,88
23,0,1,1,1,3,2,74
17,1,1,1,2,3,2,67
20,0,1,1,2,3,2,141
18,1,0,1,1,3,0,70
20,0,1,1,3,3,2,126
22,1,1,1,1,3,3,82
17,2,1,1,1,3,2,67
20,1,1,1,2,3,1,55
24,0,1,1,1,3,1,74
15,1,1,1,2,3,2,94
15,1,1,1,1,3,1,46
17,1,1,1,1,3,1,55
23,0,1,1,1,3,1,109
12,0,1,1,4,3,3,102
23,0,1,1,1,3,2,74
21,0,1,1,1,3,3,100
23,0,1,1,1,3,1,74
22,0,1,1,1,3,3,176
17,1,1,1,1,3,2,67
23,0,1,1,1,3,1,67
18,0,1,1,1,3,3,104
17,0,1,1,3,3,1,120
11,1,1,0,2,3,2,46
17,0,1,1,1,3,2,126
21,1,0,1,1,3,1,75
17,0,1,1,1,3,2,69
22,0,0,1,1,3,1,126
19,0,1,1,1,3,2,74
18,0,1,1,2,3,2,138
25,1,1,0,1,3,2,82
14,0,1,1,3,3,3,102
17,0,1,1,3,3,3,74
24,1,1,1,1,3,0,82
21,0,1,1,1,3,2,99
26,1,1,1,1,3,0,109
14,0,1,1,4,3,2,102
17,0,1,1,1,3,3,68
16,1,1,1,3,3,2,68
22,0,0,1,1,3,1,126
22,1,1,1,1,3,1,67
24,0,0,1,1,3,0,99
23,0,1,0,1,3,1,100
20,0,1,1,1,3,3,94
19,1,1,1,2,3,1,100
24,0,0,1,1,3,1,88
14,1,1,1,2,3,1,68
25,1,1,1,1,3,0,88
17,0,1,1,3,3,3,53
18,0,1,1,2,3,3,70
19,0,1,1,2,3,3,108
21,0,1,1,1,3,1,74
22,0,1,1,1,3,2,88
12,1,1,1,3,3,3,78
21,0,0,1,1,3,1,99
19,0,1,1,3,3,2,126
21,0,1,1,1,3,3,74
23,1,1,1,1,3,0,91
19,0,1,1,2,3,2,74
20,0,1,1,2,3,2,148
21,0,0,1,1,3,1,74
25,1,1,1,1,3,0,75
15,1,1,1,2,3,3,64
21,1,1,1,1,6,2,67
24,0,0,1,1,3,1,90
22,1,1,1,1,3,1,53
23,1,1,1,1,3,0,67
15,1,1,1,2,3,2,46
20,0,0,1,2,3,3,90
23,0,1,1,1,3,0,99
7,1,1,1,1,6,3,53
19,0,1,1,1,3,3,89
18,1,1,1,2,3,2,70
20,1,1,1,2,3,1,55
22,0,1,1,2,3,2,77
18,0,1,1,1,3,3,74
24,0,1,1,1,3,0,65
20,1,1,1,2,3,1,86
20,1,1,1,1,3,1,79
18,1,1,1,2,3,2,86
25,0,1,1,1,3,0,88
24,0,1,1,1,3,0,99
12,1,1,1,1,3,2,37
17,1,1,1,2,3,1,103
16,0,1,1,2,3,3,89
16,1,1,1,3,3,2,118
22,0,0,1,1,3,2,74
23,0,1,1,2,3,0,126
17,0,0,1,1,3,3,140
21,0,1,1,1,3,0,74
12,1,1,1,4,3,3,103
24,1,1,1,1,3,0,53
9,0,1,1,2,3,3,66
15,0,1,1,3,3,3,138
23,0,1,1,1,3,0,108
15,1,1,1,2,3,2,138
17,0,1,1,3,3,2,68
17,0,1,1,1,3,3,126
16,1,1,1,1,3,1,67
16,1,1,1,3,3,2,79
23,0,0,1,2,3,0,74
18,0,1,1,3,3,3,108
20,0,1,1,2,3,1,74
21,0,0,0,1,3,1,126
20,1,1,1,2,3,0,83
12,1,1,1,2,3,2,46
19,0,1,1,2,3,2,74
14,1,1,1,2,3,0,68
24,0,1,1,1,3,0,74
19,0,1,1,1,3,3,70
22,0,1,1,1,3,3,99
15,0,1,1,3,3,3,69
8,0,1,1,1,3,3,75
23,1,1,1,1,3,0,89
24,1,1,1,1,3,0,82
17,0,1,1,2,3,1,138
21,1,1,1,2,3,3,55
20,0,1,1,2,3,3,120
23,0,1,1,2,3,2,62
19,1,1,1,1,3,2,79
22,1,1,1,2,3,1,47
24,1,1,1,1,3,0,82
24,0,1,1,1,3,0,99
21,0,1,1,1,3,2,140
22,1,1,1,1,3,1,67
25,1,1,1,1,3,1,82
25,0,1,1,1,3,0,88
18,0,1,1,4,3,3,112
20,0,1,1,1,3,2,99
18,0,1,1,1,3,2,140
19,0,1,1,1,3,3,120
21,1,1,1,1,3,1,55
22,1,1,1,2,3,0,82
23,1,1,1,1,3,2,83
22,1,1,1,1,3,1,68
22,0,1,1,1,3,3,77
17,1,1,1,1,3,1,67
26,1,1,1,2,3,1,82
20,0,1,1,1,3,1,90
14,1,1,1,3,3,2,46
22,1,1,1,2,3,1,73
22,0,1,1,1,3,3,100
17,1,1,1,3,3,1,94
23,1,1,0,1,3,0,82
17,1,1,1,1,3,0,46
21,0,1,1,1,3,2,74
19,1,0,1,1,3,1,47
16,2,1,1,2,3,2,38
18,0,1,1,3,3,2,74
20,0,1,1,2,3,2,105
11,1,1,1,1,3,0,70
24,0,1,1,1,3,0,99
22,0,1,1,2,3,2,88
24,0,0,1,1,3,1,71
18,0,1,1,3,3,2,75
24,0,1,0,1,3,2,108
22,1,1,1,1,3,1,73
18,1,1,1,2,3,1,38
13,1,1,1,1,3,2,78
25,1,1,1,1,3,0,72
14,0,1,1,2,3,2,110
16,1,1,1,2,6,1,79
20,1,1,1,1,6,0,82
20,0,0,1,1,3,2,85
13,1,1,1,3,3,2,67
16,0,1,1,1,3,3,66
21,0,1,1,1,3,3,74
2,1,1,1,3,3,2,37
20,1,1,1,3,3,1,47
17,0,1,1,3,6,2,148
17,1,1,1,1,3,2,67
25,1,1,0,1,3,0,83
15,1,1,1,2,3,1,46
15,0,1,1,2,3,3,74
6,1,1,1,4,3,3,46
17,0,1,1,2,3,2,89
24,1,1,1,1,3,0,82
16,2,1,1,1,3,2,58
23,0,1,1,1,3,2,99
21,0,1,1,2,3,2,89
19,1,1,1,1,3,2,55
17,0,1,1,1,3,2,71
21,1,1,1,1,3,0,67
21,0,1,1,1,3,3,140
13,1,1,1,1,3,3,63
23,0,1,1,1,3,1,74
24,0,1,1,1,3,2,74
22,0,1,1,2,3,0,100
25,1,1,1,1,3,0,87
23,0,1,1,1,3,1,69
24,1,1,1,1,3,1,86
16,1,1,1,2,3,2,62
23,0,1,1,1,3,1,88
24,1,1,1,1,3,0,67
19,0,1,1,1,3,3,104
20,0,1,1,1,3,3,140
22,0,1,1,1,3,2,88
17,1,1,1,1,6,0,62
24,1,1,0,1,3,0,82
18,1,1,1,1,3,1,55
14,1,1,1,1,3,3,46
13,1,1,1,2,3,2,68
19,1,1,1,2,3,1,55
22,0,1,1,1,3,3,100
20,0,1,1,2,3,1,89
23,0,0,1,1,3,1,99
16,0,0,0,1,0,3,188
18,0,1,1,3,3,3,69
22,0,1,1,1,3,0,88
16,1,1,1,4,3,2,79
20,1,1,1,1,3,2,103
22,1,1,1,1,3,0,82
21,1,1,0,1,3,1,110
22,0,1,1,1,3,3,74
16,0,1,1,3,3,1,74
26,1,1,1,1,3,0,82
24,0,1,1,1,3,1,74
24,1,1,1,1,3,0,68
18,1,1,1,2,3,2,100
14,1,1,1,4,3,3,68
25,1,1,1,1,3,0,82
4,1,1,1,2,3,1,60
18,0,1,1,2,3,2,126
23,1,0,0,1,3,1,187
14,0,1,1,1,3,2,68
24,0,1,1,1,3,2,99
19,0,1,0,1,3,2,138
18,0,0,1,2,3,2,89
20,0,0,1,1,3,0,99
20,0,0,1,1,3,3,67
21,1,1,1,1,3,1,87
23,1,1,1,1,6,0,67
15,1,1,1,1,3,2,62
17,1,1,1,2,6,3,62
18,0,1,1,1,3,2,89
23,0,1,1,2,3,2,88
11,0,1,1,2,3,3,82
15,0,1,1,2,3,3,120
23,1,1,1,2,3,0,121
24,1,1,1,1,3,0,103
20,1,1,1,1,3,1,82
18,1,0,1,2,3,1,47
19,1,0,1,1,3,1,83
20,1,0,1,2,3,1,83
22,1,1,1,1,3,0,84
16,1,1,1,3,3,3,118
23,0,1,1,1,3,0,99
20,0,1,1,2,3,2,74
23,1,1,1,2,6,2,67
23,0,1,1,1,3,2,109
22,0,1,1,1,3,3,89
15,0,1,1,2,3,1,71
22,0,0,0,2,3,1,183
17,1,1,1,1,3,1,67
21,1,1,1,1,3,1,110
20,0,1,0,1,0,2,241
17,0,1,1,2,3,3,75
19,0,1,1,1,3,3,74
17,1,1,1,2,3,0,35
24,0,1,1,1,3,0,89
21,0,0,1,1,3,3,99
22,1,1,1,1,6,0,67
21,0,0,1,1,3,3,99
22,1,1,1,1,3,0,53
16,1,1,1,1,6,3,62
25,1,1,1,1,3,0,160
18,0,1,1,1,3,3,100
17,1,1,1,2,3,1,73
11,1,1,1,4,3,3,67
17,1,1,1,3,3,1,46
8,1,1,1,2,3,2,37
16,0,1,1,3,3,3,104
25,1,1,0,1,3,0,67
22,1,1,0,1,3,0,67
13,0,1,1,4,3,2,110
15,1,1,1,1,3,1,66
20,1,1,1,1,3,0,47
24,1,1,0,1,3,0,67
20,1,1,1,1,3,1,86
21,1,1,1,1,3,0,47
21,0,1,1,1,3,2,84
20,0,1,1,1,3,3,84
10,0,1,1,2,3,1,62
16,1,1,1,1,3,1,67
16,1,1,0,1,3,0,118
25,1,1,1,1,3,0,68
22,0,1,1,1,3,2,63
16,0,1,1,2,3,3,102
20,0,1,1,1,3,3,126
17,0,1,1,3,3,3,63
21,1,1,1,1,3,0,83
15,1,1,1,2,3,2,67
20,0,1,1,2,3,2,101
23,0,1,1,1,3,1,88
25,0,1,1,1,3,0,138
23,0,1,1,1,3,3,99
14,1,1,1,2,3,2,68
19,1,0,1,1,3,1,79
13,0,1,1,2,3,2,53
13,1,1,1,2,3,3,105
17,1,1,1,1,3,2,79
13,1,1,1,2,6,1,62
14,1,1,1,1,3,0,79
24,1,0,0,1,3,0,82
18,0,1,1,1,3,1,74
22,0,1,1,2,3,1,69
16,0,0,1,2,3,3,68
21,1,1,1,1,3,0,110
13,1,1,1,2,6,1,75
21,0,1,1,1,3,3,101
17,0,1,1,1,3,2,126
16,1,1,1,1,3,0,68
22,1,1,1,1,6,0,67
23,1,1,1,1,3,0,82
18,1,1,1,2,3,1,86
24,1,1,1,1,3,0,82
22,0,1,1,1,3,1,101
16,0,1,1,1,3,2,90
22,1,1,1,1,3,2,55
17,1,1,1,2,3,3,62
12,1,1,1,1,3,2,67
25,0,1,1,1,3,0,70
18,0,0,1,1,6,1,56
24,0,1,1,1,3,3,67
14,0,1,1,4,3,3,120
16,0,1,1,2,3,3,95
16,1,1,1,1,3,1,101
21,1,0,1,1,3,1,82
22,1,1,1,1,6,0,77
23,0,1,1,1,3,2,74
21,1,0,1,1,3,3,82
21,0,1,1,2,3,3,99
24,1,1,1,1,3,0,83
21,1,1,1,1,3,0,82
18,0,1,1,2,3,3,65
18,1,1,1,1,3,1,74
23,0,1,1,1,3,1,74
15,1,1,1,1,3,1,46
19,0,1,1,1,3,3,85
18,0,1,1,2,3,2,74
20,1,0,1,2,3,1,87
18,0,1,1,1,3,3,67
16,1,1,1,1,3,3,73
18,1,1,1,2,3,0,38
12,0,1,1,4,3,3,112
18,0,1,1,2,3,3,126
17,0,1,1,1,3,2,54
19,0,0,0,1,0,1,188
13,0,1,1,2,3,3,54
16,1,0,0,2,0,2,150
18,0,0,1,1,3,2,67
21,0,1,1,1,3,3,62
20,1,1,1,1,3,0,47
23,1,1,1,1,3,2,87
25,1,1,1,1,3,0,83
21,1,1,1,2,3,2,82
18,1,0,1,1,3,0,98
21,1,0,1,1,3,0,82
18,0,1,1,1,3,1,69
16,1,0,1,1,3,1,67
22,1,1,1,2,3,0,47
19,0,1,1,1,3,3,74
23,1,1,0,1,3,1,82
24,1,1,1,1,3,0,84
24,1,1,1,1,3,0,67
22,0,1,1,1,3,3,89
14,1,1,1,2,3,2,68
20,0,1,1,3,6,3,75
19,1,1,1,1,3,2,83
21,1,1,1,2,3,0,67
20,0,1,1,1,3,2,62
17,1,1,1,1,3,2,98
19,0,1,1,2,6,1,58
15,0,1,1,1,3,2,74
18,0,1,1,1,3,2,68
16,0,1,1,1,3,3,75
17,2,1,1,1,3,2,62
16,0,1,1,1,3,3,138
25,0,1,1,1,3,1,120
9,1,1,1,1,3,1,67
20,1,1,1,1,3,0,47
20,0,1,1,1,3,2,74
17,1,0,1,1,3,0,87
24,0,0,1,1,3,0,99
21,1,1,1,1,3,1,55
16,1,1,1,1,3,2,46
15,0,1,1,1,3,3,71
19,0,1,1,2,3,3,140
20,0,1,1,2,6,2,72
21,0,1,0,1,3,1,168
25,0,0,1,1,3,0,69
21,0,1,1,2,3,2,74
22,0,1,1,1,3,1,74
15,1,1,1,2,3,2,67
22,0,0,1,1,3,1,83
21,0,1,1,2,3,2,74
21,0,1,1,1,3,2,62
21,0,1,1,3,6,2,75
24,0,1,1,1,3,2,67
23,1,1,1,1,3,1,67
21,0,1,1,1,3,0,99
18,0,1,1,1,3,2,70
11,1,1,1,2,3,1,46
24,0,1,1,1,3,1,74
26,0,1,1,1,3,1,140
13,1,1,1,2,3,3,64
19,0,1,1,1,3,1,74
24,1,1,1,1,3,1,82
14,0,1,1,1,3,3,75
23,1,1,0,1,3,0,67
20,0,1,1,2,3,2,74
23,0,1,1,1,3,2,88
22,1,1,0,1,3,0,37
17,0,1,1,3,3,3,74
22,0,1,1,2,3,3,74
21,0,1,1,1,3,1,88
9,0,1,1,4,3,3,82
23,0,1,1,1,3,2,89
15,1,1,1,3,3,1,101
25,0,1,1,1,3,0,88
18,0,1,1,1,3,1,140
23,1,1,0,1,3,0,82
18,1,0,1,2,3,1,55
24,1,1,1,1,3,2,68
15,1,1,1,2,3,2,62
23,0,1,1,1,3,1,99
21,0,1,1,2,3,3,74
20,0,1,1,2,3,2,104
23,0,1,1,1,3,2,74
21,1,1,1,1,3,2,82
23,1,1,1,1,3,3,89
24,1,1,1,1,3,0,89
22,1,1,1,2,3,1,74
23,0,1,1,2,3,0,89
23,0,1,1,1,3,0,74
18,0,1,1,1,3,2,89
22,0,1,1,1,3,1,77
21,0,1,1,1,3,2,89
19,0,0,1,1,3,2,74
20,0,1,1,1,3,3,138
20,1,1,0,2,3,2,180
18,0,1,1,1,3,3,75
21,1,1,1,1,3,1,53
23,0,1,1,1,3,1,99
22,1,1,1,1,3,0,91
15,0,1,1,2,3,3,74
17,1,1,1,1,3,1,68
23,0,1,0,2,3,0,109
20,2,1,1,1,3,2,63
23,1,1,1,1,3,0,53
22,0,1,1,1,3,1,84
23,0,0,1,1,3,1,99
23,0,1,1,1,3,1,108
21,0,1,1,1,3,2,89
25,0,1,1,1,3,0,74
20,0,1,1,2,3,2,74
21,1,1,1,1,3,0,47
17,0,1,1,2,3,1,138
14,1,1,1,4,3,2,35
22,0,1,1,1,3,2,120
12,0,1,1,2,3,3,83
16,1,1,1,3,3,1,62
21,0,1,1,1,3,0,99
19,2,1,1,2,3,2,68
14,1,1,1,3,3,2,130
25,0,1,1,1,3,0,74
22,0,1,0,1,3,3,172
22,0,0,1,1,3,1,89
16,2,1,1,1,3,1,58
22,0,0,1,1,3,2,148
18,0,1,1,2,3,2,90
21,1,0,1,1,3,1,89
16,0,1,1,4,3,3,74
13,1,1,1,2,3,2,68
19,1,1,1,2,3,3,83
15,0,1,1,2,3,3,74
12,1,1,1,2,3,2,78
17,1,1,1,3,3,2,86
19,0,1,1,1,3,3,74
17,0,1,1,2,3,2,74
15,1,1,1,2,3,2,67
22,0,1,1,1,3,2,74
17,0,1,1,2,3,2,68
20,0,1,1,2,3,0,168
19,0,1,1,2,3,1,89
24,0,1,0,1,3,1,126
23,0,0,1,1,3,0,148
11,1,1,1,1,3,0,67
23,0,1,1,1,3,1,109
23,0,1,1,1,3,0,99
26,1,1,1,1,6,0,67
17,0,1,1,2,3,2,95
23,0,1,1,1,3,1,74
14,0,1,1,4,3,2,74
17,0,1,1,2,3,3,108
17,0,1,1,2,3,3,68
6,1,1,1,3,3,2,37
16,1,1,1,2,3,3,46
17,0,1,1,2,3,3,194
15,1,1,1,3,3,2,94
18,1,0,0,1,3,1,159
16,1,1,1,1,3,3,79
23,1,1,1,1,3,1,84
18,0,1,1,1,3,2,85
20,1,1,1,1,6,0,67
20,0,1,1,2,3,2,88
23,1,1,1,1,3,0,67
24,0,1,1,1,3,2,67
10,1,1,1,3,3,0,92
20,0,0,1,1,3,2,168
24,1,1,0,1,3,0,67
18,0,1,1,3,3,3,138
19,0,1,1,3,3,2,89
22,1,1,1,1,3,2,86
21,0,1,1,1,3,3,140
15,1,1,1,1,3,3,86
19,0,1,1,2,3,2,70
25,1,1,1,1,3,0,73
14,0,1,1,1,3,3,68
24,1,1,1,1,6,0,67
24,0,1,1,1,3,0,100
24,1,1,0,1,3,0,82
21,0,1,1,2,3,2,99
24,0,1,1,1,3,0,140
21,1,1,1,1,3,1,89
18,0,1,1,1,3,3,140
21,1,1,1,1,6,0,67
21,0,0,1,1,3,1,88
24,1,1,1,1,3,0,47
19,0,1,1,1,3,2,89
23,1,1,1,1,3,1,67
15,0,1,1,2,3,3,74
18,1,0,1,1,3,1,55
21,1,1,1,1,3,3,82
23,0,1,1,1,3,2,138
18,0,1,1,2,3,3,120
21,1,1,1,2,3,1,67
19,0,1,1,1,3,0,70
21,0,1,1,1,3,3,84
22,0,0,1,1,3,0,84
11,1,0,1,2,3,1,46
23,1,1,1,1,3,0,53
17,0,1,1,2,3,3,70
23,0,1,1,1,3,1,100
18,1,0,1,1,3,0,82
23,0,1,1,1,3,0,89
22,1,1,1,1,3,1,82
20,1,1,1,1,3,0,67
17,1,1,1,1,6,2,62
24,1,1,1,1,3,0,118
22,0,1,1,1,3,2,77
21,1,0,1,1,3,1,67
15,1,1,1,1,6,0,63
22,0,0,0,1,3,2,104
17,1,1,1,2,3,1,62
19,0,1,1,1,3,3,89
11,0,1,1,3,3,3,90
21,0,1,1,1,3,1,88
13,0,1,1,2,3,3,63
16,0,1,1,1,3,2,63
25,1,1,1,1,6,0,67
25,0,1,1,1,3,0,74
11,1,1,1,2,3,2,94
13,1,1,1,3,3,2,67
20,0,1,1,2,3,2,74
23,0,0,1,1,3,2,170
23,1,1,1,1,3,0,74
23,1,1,1,1,3,0,67
18,0,0,1,2,3,2,67
17,1,0,1,1,6,1,62
16,1,1,1,2,3,2,67
17,0,1,1,1,3,3,138
21,0,1,1,3,3,3,87
24,0,0,1,1,3,0,105
12,0,1,1,1,3,2,68
15,0,1,1,1,3,3,63
18,0,1,1,3,3,2,70
17,1,1,1,1,3,0,70
21,1,1,1,1,3,0,121
2,1,1,1,2,3,0,37
23,1,1,1,2,3,1,87
21,0,0,1,1,3,2,101
22,0,1,1,1,3,3,88
13,1,1,1,2,3,1,46
19,0,0,1,2,3,2,140
19,0,1,1,3,3,2,74
23,1,1,0,1,3,1,82
16,0,1,1,3,3,3,90
19,0,0,1,1,3,3,89
18,0,1,1,3,3,2,74
13,0,1,1,2,3,3,65
18,0,1,1,2,3,2,74
9,1,1,1,3,3,1,67
19,0,1,1,1,6,1,75
16,1,1,1,2,3,2,132
15,0,1,1,3,3,3,102
23,0,1,1,1,3,1,108
16,1,1,1,2,3,1,86
19,1,1,1,1,3,0,82
21,1,1,1,1,3,0,67
23,1,1,1,1,6,0,54
16,0,1,1,3,6,3,148
12,1,1,1,2,3,0,46
19,0,1,1,2,3,2,120
26,2,1,1,1,3,0,62
17,0,1,1,3,3,3,63
18,1,1,1,1,3,0,67
15,1,1,1,2,3,3,67
23,0,1,1,1,3,0,89
23,0,1,1,1,3,1,89
25,0,1,0,2,3,0,153
23,0,1,1,1,3,3,74
24,1,1,1,1,3,3,82
17,1,0,0,1,3,1,79
21,0,1,1,1,3,0,63
15,0,1,1,2,3,3,74
25,0,1,1,1,3,0,69
25,1,1,1,1,3,0,82
19,0,1,0,1,3,1,184
26,0,0,0,1,3,0,126
20,0,1,1,2,3,2,74
24,0,1,1,1,3,1,94
21,1,1,1,1,3,0,53
22,0,1,1,1,3,0,99
24,1,1,0,2,3,0,82
21,1,1,0,1,3,0,37
16,1,1,1,3,3,3,67
14,0,1,1,3,3,2,75
19,0,1,1,2,3,3,100
22,1,1,1,1,3,0,82
16,1,1,1,2,3,2,67
22,1,1,1,2,6,2,67
24,1,1,1,1,3,1,84
23,0,1,1,2,3,0,69
21,1,1,1,1,3,1,121
22,0,1,1,1,3,3,74
22,0,1,1,2,3,3,74
18,0,1,1,1,3,2,108
17,0,1,1,2,3,1,68
24,1,1,1,1,3,1,82
15,0,1,1,2,3,2,74
22,0,1,1,1,3,3,120
20,0,1,1,2,3,3,140
14,0,1,1,2,3,3,106
14,2,1,1,2,3,2,58
24,0,1,1,1,3,0,74
23,0,1,1,1,3,1,88
16,0,1,1,2,3,2,90
17,0,1,1,2,3,3,74
19,0,1,1,1,3,2,105
16,0,1,1,1,3,1,69
22,0,1,1,2,3,2,63
19,0,1,1,1,3,2,69
23,1,1,0,1,3,0,76
21,0,1,1,1,3,1,120
21,0,1,1,1,3,1,99
16,1,1,1,1,3,1,80
19,0,1,1,1,3,2,99
25,1,0,0,1,3,0,160
23,1,1,1,1,6,0,67
19,1,1,1,1,3,1,55
12,0,1,1,2,3,3,102
18,0,1,1,3,3,1,74
23,1,1,1,1,3,0,91
26,0,0,1,1,3,0,168
19,0,0,0,1,0,1,115
21,0,1,1,1,3,3,108
22,0,1,1,1,3,3,88
24,0,1,1,1,3,0,126
19,0,1,1,2,3,3,89
15,0,1,1,2,3,2,110
14,1,1,1,2,3,3,78
24,1,1,1,1,3,0,121
23,1,1,1,1,3,1,84
23,1,1,1,2,3,0,67
23,0,1,1,1,3,3,148
19,0,0,1,1,3,2,102
24,0,1,1,1,3,0,99
12,1,1,1,1,3,1,46
23,1,1,1,1,3,0,121
23,1,1,1,1,3,0,82
22,0,1,0,1,3,1,109
23,1,0,1,1,3,0,82
23,0,1,1,1,3,2,88
15,1,1,1,1,3,0,68
23,0,1,1,1,3,1,99
24,0,1,1,1,3,0,74
19,0,1,1,1,3,3,74
11,1,1,1,2,3,2,67
18,0,1,1,1,3,2,104
20,0,1,1,1,3,1,126
24,1,1,1,1,3,0,67
11,1,1,1,3,3,1,67
23,0,1,1,1,3,1,120
21,1,1,0,1,3,0,117
23,0,1,0,1,3,1,140
25,1,1,1,1,3,0,67
22,0,1,1,1,6,2,74
23,2,1,1,1,3,0,63
17,2,1,1,1,3,3,62
21,0,1,1,3,3,3,87
23,0,1,1,2,3,2,100
17,0,1,1,1,3,2,70
20,0,1,1,2,3,2,62
17,1,1,1,2,3,2,66
13,1,1,1,3,3,1,46
18,0,1,1,2,3,3,87
23,0,1,1,1,3,1,88
18,0,1,1,2,3,2,68
20,0,1,1,1,3,2,90
23,0,1,1,1,3,1,74
22,1,1,1,2,3,1,53
17,1,1,1,1,3,0,70
16,0,1,1,2,3,3,171
18,0,0,1,2,3,3,74
21,1,1,1,1,3,0,89
19,0,1,1,2,3,1,140
21,1,0,0,1,3,1,82
17,0,1,1,1,3,3,74
13,0,1,1,2,3,3,70
8,1,1,1,2,3,2,60
20,1,1,1,1,3,1,55
13,0,1,1,3,3,3,102
24,0,1,1,1,3,0,88
20,0,1,1,1,3,1,74
21,0,0,1,1,3,1,74
20,0,1,1,2,3,2,105
23,0,1,0,1,3,0,108
23,1,0,0,1,3,0,116
17,0,1,1,1,3,3,89
21,1,1,1,1,3,3,67
13,1,1,1,2,3,3,127
21,1,1,1,2,3,0,73
23,0,1,1,1,3,2,89
17,0,1,1,2,6,2,148
21,1,1,1,1,3,0,47
19,0,1,0,3,3,3,156
24,1,1,1,1,3,0,67
25,1,1,1,1,3,0,82
23,1,1,1,1,3,2,82
12,1,1,1,2,3,2,85
16,1,1,1,1,3,3,86
17,1,1,1,3,3,1,67
21,0,1,1,1,6,2,92
23,1,0,1,1,3,0,82
21,0,1,0,1,3,1,100
18,0,1,1,2,3,2,70
22,1,1,1,1,3,0,82
23,0,1,1,1,3,1,89
19,1,1,1,3,3,2,94
20,0,1,1,2,3,3,139
18,1,1,1,1,3,1,55
19,0,1,1,2,3,3,100
24,1,1,1,1,3,0,95
18,0,1,1,3,3,2,120
15,0,1,1,1,3,3,110
21,1,0,1,1,3,0,89
19,0,0,1,2,3,1,99
22,1,1,1,2,3,2,89
18,0,0,0,1,3,1,140
25,1,1,1,1,3,0,67
19,0,1,1,1,3,3,64
19,0,1,1,2,3,2,120
19,1,1,1,1,3,0,83
22,1,1,1,1,3,0,82
20,0,1,1,3,3,3,126
23,1,1,1,1,3,0,55
24,1,1,1,1,3,0,47
18,0,1,1,1,3,3,138
20,1,1,1,1,3,1,55
18,1,0,1,1,3,1,116
20,1,0,0,2,3,0,104
19,0,1,1,1,3,2,89
18,0,1,1,2,3,1,74
24,0,1,1,1,3,0,85
23,0,1,1,1,3,0,99
19,0,1,1,1,3,3,70
22,1,1,1,1,3,1,67
18,1,1,1,1,3,3,68
16,1,1,1,2,3,3,67
23,0,1,1,1,3,0,74
20,0,1,1,1,3,2,74
21,1,1,1,3,3,2,67
3,1,1,1,2,3,3,37
12,0,1,1,2,3,3,58
25,1,1,1,1,3,0,84
17,0,1,1,2,3,2,126
16,0,1,1,2,3,3,102
18,1,1,1,3,3,3,67
18,0,1,1,1,3,3,68
