year,fuel,seller_type,transmission,owner,brand,km_dr_gr,mpow_val
22,2,1,1,1,3,1,63
15,1,1,1,2,6,3,67
20,0,1,1,1,3,2,62
14,1,1,1,2,3,1,68
16,1,1,1,2,3,1,46
18,0,1,1,3,3,1,105
18,0,1,1,2,3,2,63
23,0,1,1,2,3,2,89
17,0,1,1,1,3,1,90
20,0,1,1,3,3,2,70
23,1,1,1,1,6,0,67
22,1,0,1,2,3,1,117
18,1,1,1,1,6,2,62
23,0,1,1,1,3,1,100
23,1,1,1,1,3,1,82
14,0,1,1,2,3,2,54
18,0,1,1,3,3,3,69
23,0,1,1,1,3,1,88
21,1,1,1,1,3,2,83
20,1,1,1,1,3,0,55
24,1,1,1,1,3,2,121
23,1,1,1,1,3,1,87
18,0,1,1,1,3,2,104
22,1,1,1,2,3,1,47
13,1,1,1,3,6,2,62
17,1,1,1,1,3,1,132
21,2,1,1,1,3,2,62
18,0,1,1,4,3,3,74
16,0,1,1,2,3,3,69
23,1,0,1,1,3,0,117
1,1,1,1,1,3,2,37
23,1,1,1,1,3,3,91
19,0,1,1,2,3,2,68
19,0,1,1,2,3,3,120
21,0,1,0,1,3,2,140
16,0,1,1,2,3,0,89
19,1,1,1,2,3,0,79
22,1,1,1,1,3,0,82
21,0,1,1,2,3,2,168
22,1,1,1,1,3,0,82
14,0,1,1,3,3,3,102
24,0,1,0,1,3,0,172
16,1,1,1,1,3,1,79
14,1,1,1,2,3,3,118
14,0,1,1,2,3,3,66
23,1,0,1,1,3,0,74
22,1,1,1,1,3,0,67
13,1,1,1,1,3,1,46
20,0,1,1,1,3,3,89
25,1,1,1,1,3,0,82
13,1,1,1,1,3,2,37
23,1,1,1,1,3,0,82
23,0,1,1,1,3,1,88
16,1,1,1,1,3,3,160
17,0,1,1,2,3,2,68
18,1,1,1,1,3,1,83
12,1,1,1,2,3,3,78
14,1,1,1,2,6,2,75
17,0,1,1,2,3,2,63
22,1,0,1,1,3,1,55
21,1,1,1,2,3,3,73
23,0,1,1,1,3,1,74
12,1,1,1,2,3,2,85
23,1,1,1,1,3,0,82
17,1,1,1,2,3,1,67
13,0,1,1,2,3,2,138
25,0,1,1,2,3,1,99
22,1,1,1,1,3,1,47
22,0,1,1,3,3,3,74
17,1,0,1,1,3,2,89
21,0,1,1,1,3,2,88
24,1,1,1,1,3,0,67
24,0,1,1,2,3,3,81
23,0,0,1,1,3,3,99
22,1,1,1,1,3,0,84
21,0,1,1,2,3,2,70
25,1,1,1,1,3,0,53
22,1,1,1,1,3,2,34
10,1,1,1,2,3,2,46
25,1,0,1,1,3,0,67
23,0,1,1,1,3,0,126
19,1,1,1,2,3,1,67
26,1,1,1,1,3,0,88
14,1,1,1,1,3,2,68
20,0,1,1,3,3,2,126
23,1,1,1,1,3,2,67
22,0,1,1,1,3,2,74
19,0,1,1,1,3,2,100
21,0,0,1,1,3,2,89
21,0,1,1,1,3,1,100
25,0,1,1,1,3,0,74
25,0,1,1,1,3,0,115
17,0,1,1,1,3,2,71
21,0,1,1,1,3,2,74
19,0,1,1,1,3,3,70
19,1,1,1,2,3,3,68
19,0,1,1,1,3,3,140
20,0,1,1,2,3,2,62
19,1,1,1,2,3,1,67
25,0,1,1,1,3,1,88
18,0,1,1,1,3,3,74
24,0,1,1,1,3,0,148
18,0,1,1,1,3,2,74
23,0,1,1,1,3,2,70
23,0,1,1,1,3,0,74
22,1,0,1,1,3,1,89
19,0,1,1,2,6,2,77
24,0,1,1,1,3,0,108
21,0,1,1,2,3,3,89
8,1,1,1,2,3,2,67
22,0,1,1,2,3,2,77
23,1,1,1,1,3,0,84
22,0,0,1,1,3,0,140
10,0,1,1,1,3,3,62
17,1,1,1,4,3,1,62
18,1,1,1,2,3,1,37
23,1,1,1,2,3,0,55
15,1,1,1,3,3,1,67
19,0,1,1,1,3,2,63
24,0,1,1,1,3,1,74
19,0,1,1,2,3,2,126
19,0,1,1,1,3,3,101
21,0,1,1,1,3,3,108
19,0,0,1,1,3,2,67
18,1,1,1,1,3,0,70
20,0,1,1,1,3,3,74
19,0,1,1,2,3,3,138
9,1,1,1,4,3,0,37
17,0,1,1,1,3,3,75
21,0,1,0,1,6,3,164
19,1,1,1,2,6,3,85
22,0,1,1,1,3,1,120
18,0,1,1,4,3,3,140
19,1,1,1,2,3,2,55
22,1,1,1,1,3,1,82
20,1,0,1,1,3,0,82
23,0,1,1,2,3,1,99
18,0,0,1,1,3,3,68
22,0,1,1,1,3,2,69
8,1,1,1,2,3,1,46
22,1,1,1,1,3,0,82
24,0,1,1,1,3,1,108
24,0,1,0,1,3,0,88
23,1,1,1,1,3,1,67
17,0,1,1,4,3,3,63
16,0,1,1,3,3,3,90
21,0,1,1,2,3,3,62
12,1,1,1,3,3,3,150
23,1,1,1,1,3,0,82
12,1,1,0,2,3,2,64
23,1,1,1,1,3,0,67
25,0,1,1,1,3,0,99
25,1,1,0,1,3,1,82
21,0,1,1,1,3,3,68
19,0,1,1,2,3,2,140
23,0,0,1,1,3,0,74
17,1,1,1,1,3,2,68
18,0,1,1,2,3,3,71
18,1,1,1,1,3,1,46
23,1,1,1,1,3,0,117
23,0,0,1,1,3,2,126
18,1,1,1,2,3,3,75
22,1,1,1,1,3,1,89
18,0,1,1,4,6,2,164
20,1,1,1,1,3,2,55
23,0,1,1,1,3,2,74
18,0,1,1,3,3,3,140
16,0,1,1,1,3,3,112
24,0,0,1,1,3,1,74
26,1,1,1,1,3,0,82
24,0,1,1,1,3,0,88
19,0,0,1,2,3,3,99
24,1,1,1,2,3,0,108
16,0,1,1,1,3,1,75
19,0,1,1,2,3,2,74
22,1,1,1,1,3,0,87
22,1,1,1,1,3,1,83
16,1,1,1,2,3,1,70
21,0,1,1,2,3,3,70
17,0,1,1,2,3,3,63
14,0,1,1,2,3,1,68
21,1,1,1,1,3,2,47
14,1,1,1,1,3,2,65
22,1,1,1,1,3,0,67
14,0,1,1,2,3,2,75
22,1,1,1,1,3,0,121
16,1,1,1,2,3,2,66
17,0,1,1,2,3,3,138
22,1,0,1,1,3,0,116
20,1,1,1,1,3,0,86
22,0,1,1,1,3,0,108
21,0,1,1,2,3,1,99
16,1,1,1,1,6,2,63
22,1,0,0,1,3,1,82
23,1,1,1,1,3,1,82
23,0,1,1,1,3,2,74
21,0,1,1,1,3,2,120
23,1,1,1,1,3,0,82
17,1,1,1,2,3,2,103
19,1,1,1,1,3,1,62
19,0,1,1,3,3,3,89
23,1,0,1,1,3,1,84
23,1,1,1,1,3,1,82
17,0,1,1,3,3,3,68
11,1,1,1,2,3,2,85
16,1,1,1,1,3,1,65
24,1,1,1,2,3,2,86
20,0,1,1,2,6,2,72
18,1,1,1,2,3,2,86
23,0,1,1,1,3,1,140
19,0,1,1,2,3,3,84
22,1,1,1,2,3,0,82
23,1,1,1,1,3,0,82
23,0,1,1,1,3,2,89
22,0,1,1,1,3,3,62
23,1,1,0,1,3,0,83
24,0,1,1,1,3,0,63
16,1,1,1,2,3,2,70
15,1,1,1,3,3,1,46
21,0,1,1,2,3,2,126
21,1,1,1,1,3,3,67
23,0,1,0,1,3,2,74
17,0,1,1,2,3,3,69
18,0,1,1,2,3,2,126
23,0,1,1,1,3,2,88
22,1,1,1,1,6,0,82
21,0,0,1,2,3,1,85
24,1,1,1,1,3,1,82
19,0,1,1,1,3,2,126
24,1,1,1,2,3,0,103
23,0,1,1,2,6,1,74
23,0,0,1,1,3,1,74
21,0,0,1,1,3,3,99
13,0,1,1,1,3,3,66
21,0,1,1,1,3,3,142
16,0,1,0,2,0,2,258
18,0,1,1,2,3,2,89
14,0,1,1,2,3,3,102
20,1,1,1,1,3,1,34
18,0,1,1,1,3,1,74
18,2,1,1,1,3,2,58
23,0,1,1,1,3,2,77
18,0,1,1,3,3,2,120
22,0,1,1,2,3,1,89
13,1,1,0,1,3,2,130
18,1,1,1,1,3,2,116
16,0,1,1,2,3,2,63
19,0,1,1,1,3,1,74
25,0,1,1,1,3,0,74
21,1,1,1,1,3,0,73
24,0,0,1,1,3,0,81
20,0,0,1,1,3,2,74
17,0,1,1,1,3,2,90
18,1,1,1,1,3,2,47
24,1,1,1,1,3,1,87
25,1,1,1,1,3,0,67
26,1,1,1,1,3,0,47
21,0,1,1,1,3,1,74
23,1,1,1,1,3,1,83
18,0,1,1,1,3,3,112
25,1,1,1,1,3,0,121
25,1,1,1,1,3,1,82
24,1,1,1,1,3,1,47
22,1,1,1,1,6,1,67
21,0,1,1,2,3,0,140
17,1,1,1,2,3,3,46
20,1,1,1,2,3,2,86
18,0,1,1,1,3,1,104
16,0,1,1,1,3,2,95
16,1,1,1,1,3,0,65
21,1,1,1,1,6,1,67
22,0,1,1,1,3,1,89
21,1,1,1,1,3,1,83
14,1,1,1,2,3,3,46
20,0,1,1,1,3,3,99
16,1,1,1,2,3,0,46
18,1,1,1,3,6,3,79
14,1,1,1,3,3,2,130
23,0,1,1,2,3,2,88
17,0,1,1,3,3,3,74
21,0,1,1,1,3,3,99
18,1,0,1,1,3,1,113
23,1,1,1,1,3,0,117
21,0,1,1,2,3,2,84
18,0,1,1,1,3,3,120
17,0,1,1,2,3,3,74
17,0,1,1,4,3,3,90
25,1,1,1,1,3,0,82
25,1,1,1,1,3,0,53
21,1,1,1,1,3,2,94
23,1,1,1,1,3,0,55
17,0,1,1,2,3,3,138
13,1,1,0,3,3,1,67
18,0,0,1,1,3,2,89
23,0,1,1,1,3,2,74
17,0,1,1,1,3,3,74
24,1,1,1,1,3,0,82
23,0,1,1,1,3,1,100
18,0,1,1,2,3,2,126
17,0,1,1,3,6,2,148
21,0,1,1,1,3,2,89
21,1,1,1,1,3,0,47
14,0,1,1,2,3,3,138
11,1,1,1,1,3,3,67
22,1,1,1,1,3,0,89
17,1,1,1,3,3,3,116
24,1,1,1,1,3,0,34
25,1,1,1,1,3,0,82
19,0,1,1,1,6,2,74
25,1,1,1,2,3,0,121
24,0,0,0,1,3,0,74
16,1,1,1,2,3,2,67
21,1,0,1,1,3,2,82
18,1,1,1,2,3,3,86
19,0,1,1,1,3,2,69
22,1,1,1,1,3,1,47
19,0,0,1,2,3,1,74
23,0,1,1,1,3,2,69
23,1,0,0,1,3,0,116
14,0,1,1,2,3,3,63
24,0,1,1,1,3,1,153
17,0,1,1,2,3,2,64
16,0,1,1,2,3,2,70
24,0,0,1,1,3,0,99
21,0,1,1,1,3,2,74
6,1,1,1,4,3,2,60
18,0,1,1,3,3,3,126
8,1,1,1,2,3,2,60
23,0,1,1,1,3,2,88
16,0,1,1,1,3,3,71
19,0,0,1,1,3,2,99
13,0,1,1,2,3,3,54
20,0,1,1,1,3,3,99
22,0,0,0,1,0,1,188
19,0,1,1,1,3,3,74
14,1,1,1,1,3,0,46
22,0,1,1,2,3,1,140
25,1,0,1,1,3,0,110
22,1,1,1,1,3,0,53
26,2,1,1,1,3,0,62
18,1,1,1,1,3,0,55
23,1,1,1,1,3,0,82
11,1,1,1,2,3,2,70
23,1,1,1,1,3,0,55
23,0,1,1,1,3,1,99
14,1,1,1,1,3,3,62
15,0,1,1,2,3,3,62
21,0,1,1,2,3,0,89
14,1,1,1,2,3,1,64
22,0,1,1,1,3,3,148
17,1,1,1,2,3,1,74
22,1,1,1,1,3,1,87
20,0,1,1,2,3,2,62
8,1,1,1,1,3,3,37
24,0,1,1,1,3,1,99
19,0,1,1,1,3,1,62
24,0,1,1,4,3,1,99
22,0,1,1,1,3,2,74
23,1,1,0,1,3,0,82
20,0,1,1,2,3,1,89
18,0,1,1,2,3,3,67
23,0,1,1,1,3,0,74
22,0,1,1,2,3,1,74
17,0,1,0,2,6,2,148
25,1,1,0,1,3,0,82
18,0,0,0,1,3,3,175
23,1,1,1,1,3,1,91
22,1,1,1,2,3,2,82
22,0,1,1,1,3,3,89
21,0,1,1,1,3,3,140
18,0,1,1,2,3,3,126
24,1,1,0,1,3,0,106
20,0,1,1,1,3,2,70
23,0,1,1,1,3,1,74
16,1,1,1,2,3,3,79
13,0,1,1,3,3,3,54
17,0,1,1,3,3,3,90
22,0,1,1,1,3,2,101
17,0,1,1,1,3,3,74
25,0,1,1,1,3,0,98
23,1,1,1,1,3,0,82
23,0,1,1,1,3,1,108
18,0,1,0,2,0,3,184
22,0,0,1,2,3,3,99
23,0,1,1,2,3,1,126
19,0,1,1,1,3,0,101
21,1,1,1,2,3,1,67
18,0,1,1,1,3,3,74
25,1,1,0,1,3,0,84
18,0,1,1,1,3,1,112
19,0,1,1,2,3,3,108
21,1,1,1,2,3,1,106
22,1,1,1,1,3,0,84
22,0,0,0,1,3,2,104
19,0,1,1,2,3,3,100
14,0,1,1,2,6,3,124
19,0,0,0,2,0,0,174
18,0,1,1,2,3,3,68
21,1,1,1,1,6,2,67
23,0,1,1,1,3,1,109
18,2,1,1,2,3,2,38
26,0,0,0,1,3,0,113
24,0,1,1,1,3,3,74
12,1,1,1,3,3,2,125
16,0,1,1,3,6,3,92
14,1,1,1,3,3,2,62
19,0,1,1,1,3,3,62
19,0,0,1,2,3,1,85
10,1,1,1,3,3,3,100
20,0,1,1,2,3,2,140
23,2,1,1,1,3,0,62
19,0,1,1,1,3,2,68
12,0,1,1,3,3,3,120
18,0,1,1,2,6,2,92
24,0,0,1,1,3,2,89
20,0,0,1,3,3,3,70
23,0,1,1,1,3,1,84
9,1,1,1,3,3,3,46
23,2,1,1,1,3,1,58
21,1,1,1,2,3,2,67
22,1,1,1,1,3,1,82
18,0,1,1,3,3,2,63
19,0,1,1,1,3,2,74
23,1,1,1,1,3,0,89
20,1,1,1,1,3,1,55
21,0,1,1,1,3,2,89
3,1,1,1,2,3,1,37
13,0,1,1,1,3,3,120
23,1,1,1,2,3,0,82
15,1,1,1,2,6,1,63
17,1,1,1,2,3,3,37
16,1,1,1,2,3,2,118
13,1,1,1,2,3,3,88
16,1,1,1,2,3,3,67
20,0,1,1,2,3,2,74
21,0,1,1,1,3,1,101
22,1,1,1,1,3,0,67
21,0,1,1,2,3,2,126
24,0,1,1,1,3,1,83
17,0,1,1,1,3,2,126
20,1,1,1,2,3,0,67
18,0,1,1,1,3,3,120
25,1,1,0,1,3,0,83
25,1,1,1,1,3,0,82
21,0,1,1,2,3,3,70
19,0,1,1,1,3,2,63
22,1,0,1,1,3,0,89
23,1,1,1,1,3,0,89
18,0,1,1,2,3,3,65
18,0,1,1,2,3,1,74
14,0,1,0,2,0,3,177
25,1,1,1,1,6,0,67
22,1,1,1,1,3,1,82
20,1,1,1,1,3,2,67
22,2,1,1,2,3,0,58
20,0,1,1,1,3,1,140
18,0,1,1,1,3,3,74
24,1,1,1,1,6,0,67
23,1,1,1,1,3,0,73
22,1,1,1,1,3,0,53
22,1,1,1,1,6,0,54
25,1,1,1,1,3,0,82
22,1,0,1,1,3,0,74
24,0,1,1,1,3,0,74
18,0,1,1,1,3,2,104
16,1,1,1,1,3,1,70
16,0,1,1,1,3,3,102
21,0,0,1,1,3,1,140
17,0,1,1,2,3,2,74
20,0,1,1,2,3,2,108
18,0,1,1,2,3,2,84
21,0,0,1,1,3,1,109
24,1,1,1,1,3,0,82
18,0,1,1,1,3,2,140
16,1,1,1,2,3,3,86
26,1,1,0,1,3,1,164
22,1,1,1,2,3,2,82
19,1,1,1,2,3,2,83
24,0,1,1,1,3,0,74
24,1,1,1,1,3,0,82
24,2,1,1,1,3,1,58
20,1,1,1,1,3,1,86
14,1,1,1,1,3,2,78
18,1,1,1,2,3,2,55
22,1,1,1,1,3,0,68
23,1,1,1,1,3,1,47
21,1,1,1,1,3,0,38
19,0,1,1,2,3,2,89
17,1,1,1,1,3,1,118
22,1,1,1,1,3,1,53
23,0,1,1,2,3,3,67
17,0,1,0,1,0,3,168
16,0,1,1,2,3,3,89
10,1,1,1,2,3,1,46
18,0,1,1,1,3,3,74
14,1,1,1,3,3,2,63
22,0,1,1,1,3,0,100
16,1,1,1,1,3,3,67
20,0,1,1,1,3,1,74
19,0,0,1,1,3,3,174
22,0,1,1,1,3,0,120
21,1,0,1,2,3,0,113
21,0,1,1,2,3,1,138
24,1,1,1,1,3,0,67
23,0,0,1,1,3,1,100
22,0,1,1,1,3,3,74
17,1,1,1,2,3,2,35
16,0,1,1,2,3,3,74
20,0,1,1,1,3,2,99
19,0,1,0,1,0,1,235
22,0,1,1,1,3,1,69
17,1,1,1,2,3,0,86
22,0,1,1,1,6,2,72
19,0,1,1,1,3,3,69
20,0,1,1,2,3,3,140
20,0,1,1,4,6,1,74
25,1,1,1,1,3,0,82
21,0,0,1,2,3,1,88
21,1,1,1,1,3,1,82
16,1,1,1,1,6,1,75
17,1,1,1,2,3,2,70
23,0,0,1,1,3,1,120
24,0,1,1,1,3,1,75
23,1,1,1,2,3,2,91
25,1,1,0,1,3,0,82
19,1,1,1,4,3,1,86
22,0,1,1,1,3,2,62
24,1,1,1,1,3,0,82
22,0,1,1,1,3,3,99
22,0,0,1,1,3,1,47
19,0,1,1,3,3,1,89
18,0,1,1,2,3,3,104
24,0,1,1,1,3,0,99
19,0,1,1,1,3,3,140
23,0,1,1,1,3,3,89
17,0,1,1,1,3,3,74
21,0,1,1,1,3,2,74
20,0,1,1,2,3,3,74
23,1,1,1,1,3,0,121
15,0,1,1,3,3,3,69
22,1,1,1,1,3,0,53
14,1,1,1,2,3,0,64
20,1,0,1,1,3,2,82
15,1,1,1,1,3,2,130
19,0,1,1,2,3,3,101
11,1,1,0,2,3,2,218
26,0,1,0,1,3,0,88
19,0,1,1,1,3,2,69
21,1,1,1,2,3,3,117
15,0,1,1,1,3,3,74
17,0,1,1,2,6,2,58
24,0,1,0,1,3,1,74
15,1,1,1,3,3,2,118
21,0,1,1,2,3,3,84
21,0,1,1,1,3,1,74
17,0,1,1,2,3,0,126
23,1,1,1,3,3,2,37
20,0,1,1,2,3,2,69
20,0,1,1,1,3,3,99
17,1,1,1,2,3,1,46
23,1,1,1,1,3,0,67
14,1,1,1,1,3,2,86
5,1,1,1,4,3,1,85
23,0,1,1,1,3,0,105
17,1,1,1,1,6,1,62
24,0,1,1,1,3,1,126
19,0,1,1,1,3,1,99
23,0,1,1,1,3,2,120
14,1,1,1,4,6,1,75
25,0,0,1,1,3,1,88
19,0,0,1,1,6,1,74
18,1,1,1,1,3,2,46
20,0,1,1,2,3,1,141
24,0,1,1,1,3,0,99
21,1,1,1,1,3,0,68
18,0,1,1,1,3,3,62
24,0,1,1,1,3,2,74
20,0,1,1,2,3,2,118
15,1,1,1,1,3,2,46
18,0,1,1,4,3,2,84
19,0,1,1,1,3,2,74
18,0,1,1,2,3,3,108
17,1,1,1,3,3,2,103
13,2,1,1,2,3,2,58
25,1,1,1,1,3,0,82
25,0,1,1,1,3,0,74
23,0,1,1,1,3,1,88
17,0,1,1,2,3,2,104
25,1,1,1,1,3,0,73
20,0,1,1,1,6,3,72
23,1,1,1,1,3,0,84
21,1,1,1,1,6,1,82
23,1,1,1,1,3,0,47
19,1,1,1,3,3,2,73
20,1,1,1,1,3,0,67
22,0,0,1,1,3,0,88
21,0,1,1,1,3,2,126
18,1,1,1,1,3,3,79
22,0,1,1,1,3,0,89
22,1,1,1,2,3,0,53
21,1,1,1,1,3,1,82
18,0,0,1,2,3,2,140
22,1,1,1,1,3,2,82
14,1,1,1,2,3,3,78
19,0,1,1,2,3,2,101
13,0,1,1,2,6,3,124
18,1,1,1,1,3,2,86
13,1,1,1,1,3,1,46
22,0,0,1,1,6,1,56
22,0,1,1,1,3,1,100
15,0,1,1,3,3,3,63
22,0,1,1,1,3,2,74
21,1,1,1,2,3,1,67
17,0,1,0,2,3,1,194
19,1,1,1,1,3,2,37
18,0,1,1,1,6,1,124
21,0,1,1,2,3,3,84
23,0,1,0,1,3,1,100
20,0,1,1,2,3,3,70
18,0,1,1,2,3,2,104
20,0,1,1,1,3,0,120
18,1,1,1,2,3,2,116
21,0,0,1,1,3,2,99
17,1,1,1,3,3,2,79
16,1,1,1,2,3,1,138
24,1,1,1,1,3,1,121
19,0,1,1,1,3,2,74
24,0,1,1,1,3,0,108
26,1,1,1,1,3,0,82
15,1,1,1,3,3,2,67
17,0,0,1,1,3,2,74
19,1,1,1,2,3,1,47
24,0,1,1,1,3,1,88
23,0,1,1,1,3,1,88
22,0,1,1,1,3,2,140
23,1,1,1,2,3,0,82
24,0,1,1,1,3,1,74
22,0,1,1,1,3,1,88
23,0,1,1,1,3,3,69
18,0,1,1,1,3,2,102
13,1,1,1,3,3,3,105
8,1,1,1,3,3,0,60
23,0,1,1,2,3,1,105
21,1,1,1,2,3,0,67
23,1,1,1,1,3,1,82
20,0,1,1,2,3,2,70
18,1,1,1,1,3,2,67
22,0,0,1,1,3,2,90
23,1,1,1,1,3,0,87
25,1,1,0,1,3,0,82
22,0,1,1,1,3,1,88
13,1,1,1,2,3,3,88
16,1,1,1,3,3,3,70
20,1,1,0,1,3,0,76
19,1,1,1,1,3,1,55
9,1,1,1,2,3,2,94
21,1,0,1,1,3,1,82
25,1,1,1,1,3,0,82
22,0,1,0,2,0,1,136
20,0,1,1,1,3,2,108
12,1,1,1,1,0,1,178
22,0,1,1,1,3,1,126
22,0,1,1,1,3,1,120
23,0,1,1,1,3,2,100
14,0,1,1,1,3,3,102
17,1,1,1,1,3,2,79
22,0,1,1,2,3,2,67
24,0,1,1,2,3,1,100
18,1,1,1,2,3,2,86
4,1,1,1,1,3,2,35
20,1,1,1,1,3,0,67
22,0,0,0,2,3,3,172
19,0,1,1,1,3,3,138
21,0,1,1,2,3,1,74
16,1,1,1,1,3,2,80
21,1,1,0,1,3,0,91
22,1,1,1,1,3,1,67
18,1,1,1,1,3,3,87
13,0,1,1,2,3,3,102
23,0,1,1,1,3,1,89
16,0,1,1,1,3,3,112
17,1,1,1,1,6,2,62
19,0,1,1,2,3,2,140
13,1,0,0,1,0,1,186
23,1,0,0,1,3,2,118
15,0,1,1,4,3,3,138
12,1,1,1,1,3,1,46
18,1,0,1,1,3,1,113
14,0,0,1,1,3,2,120
22,1,1,1,1,3,0,82
17,0,1,1,1,3,2,89
25,1,1,0,1,3,0,89
17,1,1,1,1,3,3,67
16,0,1,1,2,3,3,71
19,1,0,1,1,3,2,86
19,1,1,1,1,3,3,94
14,0,1,0,3,0,1,235
17,1,1,1,3,3,3,79
21,0,1,1,1,3,1,99
18,1,1,1,1,3,1,79
23,0,1,1,1,3,0,98
23,1,1,1,1,3,1,34
21,0,1,1,2,3,2,89
23,0,1,1,1,3,1,74
10,1,1,1,2,3,3,94
13,1,1,1,2,3,2,68
26,0,1,1,1,3,1,77
14,0,1,1,3,3,3,68
10,0,1,1,3,3,3,82
19,0,1,1,2,3,3,69
23,0,0,1,1,3,0,99
20,0,1,1,1,3,1,70
17,0,1,1,2,3,3,89
18,0,0,1,1,3,3,67
21,1,1,0,1,3,2,82
13,1,1,1,1,3,1,85
24,0,0,1,1,3,0,105
21,1,1,1,1,3,3,67
22,0,1,1,1,3,2,88
21,0,1,1,1,3,1,138
23,1,1,1,1,3,1,82
19,0,1,1,1,6,2,74
19,0,1,1,1,3,2,69
19,1,1,1,2,3,2,67
17,1,1,1,3,3,2,68
19,0,1,1,1,3,3,70
17,0,1,1,2,3,3,112
24,1,0,1,1,3,0,121
20,1,1,1,1,3,0,106
16,0,1,1,1,3,2,171
23,0,1,1,1,3,1,154
16,0,1,1,3,3,3,74
22,1,1,1,1,3,1,34
15,1,1,1,1,3,2,85
18,0,1,1,1,3,2,89
22,1,1,1,1,3,2,82
19,1,1,1,2,3,3,87
15,1,0,1,2,3,2,67
18,2,1,1,1,3,1,94
22,0,1,1,2,3,0,71
15,0,1,1,1,3,1,71
24,1,1,1,1,3,2,108
23,0,0,1,1,3,1,126
17,0,1,1,2,3,2,105
11,1,1,1,2,3,1,37
24,1,1,1,1,3,1,91
24,0,1,1,1,3,1,74
22,0,1,1,1,3,1,99
17,1,1,1,1,6,0,62
22,0,1,1,2,3,2,71
17,0,1,1,2,3,3,104
13,0,1,1,2,3,3,65
26,2,1,1,1,3,0,47
23,0,1,1,1,3,2,89
24,1,1,1,1,3,0,84
23,1,1,1,2,3,1,68
18,1,1,1,2,3,2,80
14,0,1,1,2,3,3,120
25,0,0,1,1,3,0,105
16,1,1,1,2,3,2,102
17,0,1,0,1,0,2,170
22,1,1,1,1,3,0,83
19,0,1,1,2,3,2,74
23,0,1,1,1,3,3,74
23,1,1,0,1,3,0,67
18,0,1,1,3,3,2,138
16,1,1,1,2,3,2,67
19,1,0,1,1,3,2,79
21,0,1,1,1,3,2,99
18,0,1,1,1,3,3,74
24,0,1,1,1,3,0,88
16,1,0,1,1,3,1,67
25,0,1,1,1,3,1,99
16,0,1,1,1,3,3,90
21,1,1,1,1,3,0,68
22,0,1,1,1,3,1,140
19,0,1,1,2,3,2,126
5,1,1,1,2,3,1,37
18,0,1,1,1,3,3,100
25,0,1,0,1,3,0,88
24,0,0,1,1,3,1,88
20,0,1,1,1,3,3,74
20,1,1,1,2,3,1,67
19,1,1,1,1,3,2,105
18,0,1,1,1,3,2,74
25,1,0,0,1,3,0,82
12,1,1,1,2,3,1,67
19,0,1,1,2,3,3,74
22,0,1,1,1,3,2,88
24,0,1,0,1,3,1,74
20,1,1,1,2,3,1,87
20,1,1,1,2,3,1,67
16,1,1,1,3,3,3,67
21,0,1,1,1,3,1,126
21,0,1,1,1,3,2,70
14,1,1,1,1,6,2,62
17,1,0,1,1,3,1,86
8,1,1,1,4,3,2,60
16,1,1,1,2,3,2,79
22,0,1,1,3,3,1,120
23,0,1,1,1,3,1,77
23,1,1,1,1,3,0,47
21,0,1,1,2,3,3,74
17,1,1,1,1,3,2,67
23,1,1,0,1,3,0,67
10,1,1,1,2,3,1,90
15,1,1,1,1,3,1,67
18,0,1,1,2,3,1,140
20,0,1,1,2,3,2,71
22,0,1,1,1,3,3,84
17,0,1,1,1,3,2,70
10,1,1,0,3,3,3,152
23,0,1,1,1,3,2,74
16,1,1,1,2,3,1,68
20,0,1,1,1,3,2,69
12,1,0,1,1,3,1,64
16,0,1,1,3,3,3,110
22,1,1,1,1,3,0,67
18,1,1,1,2,3,1,67
22,1,1,1,1,3,0,67
19,0,1,1,2,3,3,75
20,0,1,1,2,3,2,99
18,0,1,1,1,3,3,69
22,0,1,1,2,6,1,105
22,1,1,1,1,3,1,67
17,0,1,1,2,3,2,70
21,2,1,1,2,3,1,55
23,1,1,1,1,3,0,47
25,1,1,1,1,3,0,82
19,0,1,1,1,3,3,120
13,0,1,1,1,3,1,53
15,1,1,1,2,3,1,67
23,1,1,1,2,3,1,82
21,0,1,1,1,3,1,108
19,0,1,1,1,6,2,58
14,0,1,1,1,3,2,62
23,0,1,1,1,3,2,70
17,0,1,1,2,3,2,63
19,1,0,1,2,3,1,123
21,0,1,1,1,3,1,105
17,0,1,1,4,3,2,115
23,1,1,1,1,3,0,91
16,0,1,1,4,3,2,90
21,0,1,1,1,3,3,74
19,0,1,1,1,3,2,74
22,0,1,1,1,3,0,70
19,1,1,1,1,3,1,86
17,0,1,1,4,3,3,104
20,0,1,1,2,3,3,88
21,0,1,1,1,3,2,108
18,0,1,1,1,3,3,74
21,0,1,1,2,3,2,99
23,1,1,1,1,3,0,82
23,0,1,1,1,3,1,99
24,1,1,1,1,3,0,82
15,1,1,1,4,3,2,46
17,1,1,1,2,3,2,46
18,0,1,1,1,3,1,70
18,1,1,1,2,3,2,87
25,0,0,1,1,3,0,121
17,1,1,1,1,3,1,80
20,0,1,1,2,3,3,104
20,0,1,1,1,3,3,120
21,1,0,1,1,3,1,117
18,1,1,0,1,3,2,121
24,1,1,1,1,3,0,47
17,0,1,1,3,3,3,74
19,0,1,1,1,3,1,120
15,1,1,1,1,3,0,86
20,1,1,1,1,3,0,82
19,1,1,1,2,3,1,55
23,1,1,1,1,3,0,47
17,1,0,1,1,3,1,89
19,0,1,1,2,6,3,72
24,0,1,1,1,3,1,140
18,0,1,1,2,3,3,67
23,1,1,1,1,3,1,82
21,0,1,1,1,3,2,90
24,1,0,1,1,3,0,82
19,0,1,1,1,3,2,69
14,0,1,1,3,3,3,68
18,0,1,1,4,3,2,74
14,1,1,1,2,3,1,100
18,1,1,1,1,3,3,46
25,1,1,0,4,3,0,68
17,1,1,1,1,6,2,79
20,0,1,1,2,3,2,84
19,0,1,1,2,3,2,62
26,1,1,0,1,3,0,108
24,1,1,1,1,6,1,67
17,0,1,1,2,3,3,90
20,0,1,0,2,3,2,120
18,0,1,1,3,3,3,90
21,0,1,1,1,3,1,99
23,0,1,1,1,3,0,74
22,0,1,1,1,3,2,126
21,0,1,1,1,3,1,74
22,1,1,1,1,3,0,82
12,0,1,1,3,3,3,70
19,1,1,1,1,3,3,83
18,1,0,1,3,3,1,80
25,1,1,0,1,3,0,82
25,0,1,1,1,3,2,99
24,0,0,1,1,3,1,88
18,0,1,1,1,3,3,104
21,0,1,1,1,6,3,72
18,0,1,1,2,6,2,58
23,1,1,1,1,3,1,83
23,0,1,1,1,3,1,170
25,0,1,1,1,3,0,63
24,0,1,1,1,3,3,74
18,1,1,1,3,3,2,89
19,0,1,1,3,3,3,126
18,2,1,1,1,3,1,68
21,1,1,1,1,3,3,83
18,0,1,1,2,3,1,108
23,0,1,1,1,3,1,88
23,0,1,1,1,3,2,62
14,1,1,1,2,3,2,68
24,0,1,1,1,3,0,108
23,0,1,1,1,3,3,69
18,1,1,1,3,3,2,67
17,1,1,1,1,3,3,98
21,0,1,1,1,3,1,140
20,0,0,1,1,3,3,90
24,0,0,0,1,3,0,74
14,1,1,1,1,3,1,68
18,0,1,1,2,3,3,89
18,1,1,1,1,3,1,86
24,1,1,1,1,3,0,82
16,1,1,1,2,3,2,46
21,1,1,1,1,3,2,89
21,1,1,1,1,3,0,117
17,1,1,1,1,6,1,79
24,1,1,1,1,3,0,95
24,0,0,1,1,3,2,75
22,1,1,1,1,3,0,53
18,0,1,1,2,3,3,102
22,1,1,1,1,3,0,82
11,1,1,1,4,3,2,46
24,0,0,1,1,3,0,99
19,0,1,1,3,3,2,84
15,0,1,1,1,3,2,74
11,0,1,1,3,3,2,70
16,1,1,1,3,3,0,46
24,0,1,1,1,3,0,88
18,1,1,1,1,3,0,79
24,0,1,1,1,3,0,154
18,1,1,1,1,3,0,79
18,0,1,1,1,3,3,70
14,0,1,1,2,3,2,74
17,0,0,1,2,3,1,68
18,1,1,1,2,3,0,35
17,0,1,1,1,3,3,112
21,0,1,1,1,3,1,140
24,0,1,1,1,3,0,75
20,0,1,1,1,3,2,74
23,0,1,1,1,3,0,74
21,1,1,1,1,3,0,67
20,1,0,0,1,3,1,82
20,1,1,1,1,3,0,47
12,1,1,1,2,3,3,46
26,1,1,1,1,3,2,88
21,0,1,1,1,3,1,69
21,1,1,1,1,3,1,67
17,0,1,0,1,0,2,181
16,0,1,1,1,3,3,90
24,1,1,1,1,3,0,87
15,0,1,0,4,0,2,241
16,2,1,1,3,3,2,62
20,0,0,1,1,3,3,126
18,0,1,1,2,3,3,100
20,0,1,1,1,3,3,108
16,0,1,1,2,3,3,110
19,0,1,1,2,3,1,89
20,0,1,1,1,3,2,62
25,1,1,1,1,3,0,82
17,1,1,1,1,3,1,67
20,1,1,1,2,3,0,79
22,0,1,1,1,3,2,69
23,0,0,1,1,3,0,88
19,1,1,0,2,3,0,104
19,0,1,1,3,3,3,74
16,0,1,1,1,3,3,102
21,1,1,1,2,3,2,83
18,1,1,1,1,6,3,79
20,0,1,1,2,3,2,99
21,0,1,1,2,3,2,120
22,0,1,1,1,3,2,74
24,1,0,0,1,3,0,67
22,1,1,1,1,3,1,53
19,1,1,1,3,3,2,55
21,0,1,1,3,3,3,89
18,0,1,1,2,3,2,89
23,1,1,1,1,3,0,83
14,1,0,1,2,3,1,67
21,0,1,1,2,3,1,71
21,1,1,1,1,3,1,67
23,0,1,1,1,3,3,69
24,1,1,1,1,3,2,84
17,0,1,0,3,0,3,165
23,0,1,1,1,3,1,84
23,1,1,1,1,3,0,84
20,0,1,1,2,3,3,99
19,0,1,1,1,3,1,74
22,1,1,1,1,3,1,82
15,1,1,1,1,3,1,46
25,1,1,1,1,6,0,67
25,1,1,0,1,3,0,82
25,1,1,1,1,3,0,84
22,0,0,1,1,3,1,88
22,1,1,1,1,3,1,82
12,0,1,1,2,3,2,62
22,1,0,1,1,3,1,117
17,0,1,1,2,3,3,90
5,1,1,1,4,3,1,60
18,0,1,1,1,3,0,69
26,0,0,1,1,3,0,148
24,1,1,1,2,3,0,83
24,0,0,1,1,3,1,153
20,0,1,1,2,3,2,140
18,0,1,1,2,3,2,74
25,1,1,1,1,3,0,95
24,1,1,0,1,3,0,82
20,1,1,1,1,3,1,47
24,0,1,0,1,3,1,126
22,0,0,1,1,3,1,77
25,1,1,1,1,3,0,53
10,1,1,1,3,3,3,46
17,0,1,1,2,3,3,68
19,0,1,1,2,3,3,74
18,0,1,1,2,3,3,70
21,1,1,1,1,3,0,91
13,0,1,1,2,3,3,63
21,1,1,1,1,3,0,89
25,0,1,1,1,3,0,89
21,0,1,1,1,3,3,99
18,2,1,1,2,3,1,63
19,1,1,1,2,3,0,86
17,1,1,0,2,3,3,104
18,2,1,1,3,3,2,68
24,0,1,1,1,3,0,109
21,0,1,1,1,3,1,74
13,0,1,1,3,3,2,70
21,0,0,0,1,3,2,109
21,1,1,1,1,3,1,83
17,1,1,1,2,3,1,75
11,1,1,1,4,3,3,83
24,1,1,0,1,3,0,89
20,1,1,1,1,3,1,67
21,0,1,1,2,3,3,99
23,1,1,1,1,3,0,53
22,0,1,1,2,3,0,69
23,1,1,1,1,3,3,73
5,1,1,1,3,3,2,37
19,0,1,1,2,3,3,100
22,0,0,1,2,3,3,120
15,1,1,1,3,3,1,80
12,0,1,1,2,3,3,138
25,0,1,1,1,3,1,121
22,1,1,1,1,3,3,67
16,1,1,1,2,3,3,67
18,0,1,1,1,3,3,138
13,0,1,1,4,3,3,110
20,0,1,1,1,3,2,74
22,1,1,1,1,3,0,53
16,2,1,1,2,3,3,94
14,1,1,1,1,3,1,46
25,1,1,1,1,3,0,68
15,1,1,1,1,3,2,62
20,1,1,1,1,3,0,67
20,0,1,1,1,3,3,67
23,1,0,0,1,3,2,187
23,1,1,1,1,3,0,89
16,2,1,1,2,3,2,58
23,1,1,1,1,3,0,79
22,0,1,1,2,3,2,88
19,1,1,1,1,3,1,94
22,1,1,1,2,3,1,74
23,0,1,1,1,3,0,74
24,1,1,0,1,3,0,82
20,0,0,1,1,3,2,74
24,0,1,1,1,3,2,88
18,0,1,1,2,3,2,74
