selling_price
0.2
0.25
0.225
0.245
0.14
0.06
0.25
0.1
0.25
0.3335
0.0675
0.15
0.13
0.18
0.06
0.3555
0.35
0.25
0.6
0.275
0.0625
0.19
0.145
0.6
0.35
0.525
0.045
0.25
0.0925
0.2174995
0.475
1.0
0.0675
0.0675
0.225
0.075
0.5
0.185
0.425
0.675
0.25
0.3075
0.325
0.16
0.0875
0.36
0.1875
0.225
0.925
0.035
0.225
0.325
0.285
0.043
0.12
0.15
0.325
0.045
0.065
0.09
0.31
0.2875
0.3875
0.036
0.24
0.1525
0.225
0.235
0.4
0.18
0.375
0.2275
0.225
0.035
0.2549995
0.21
0.3335
0.425
0.075
0.3325
0.4875
0.2299995
0.0875
0.265
0.1
0.35
0.2825
0.45
0.4875
0.3775
0.1375
0.1125
0.1075
0.9324995
0.3075
0.04
0.25
0.325
0.14
0.15
0.175
0.075
0.065
0.1325
0.525
0.0875
0.33
0.3
0.1125
0.1075
0.045
0.375
0.2225
0.0925
0.2885
0.215
0.375
0.445
0.1375
0.1395
0.22
0.25
0.625
0.1575
0.34
0.335
0.1925
0.15
0.15
0.525
0.0875
0.145
0.45
0.2
0.1
0.2625
0.2825
0.6
0.15
0.145
0.0225
0.125
0.4375
0.2125
0.325
0.11
0.215
0.525
0.4305
0.375
0.1
0.25
0.325
0.4
0.04
0.4599995
0.375
0.3
0.3
0.105
0.21
0.2875
0.275
0.245
0.2225
0.1175
0.1995
0.15
0.11
0.029
0.305
0.405
0.1
0.375
0.2
0.7
0.3875
0.225
0.083
0.375
0.125
0.085
0.065
0.24
0.375
0.125
0.375
0.1139995
0.085
0.0375
0.09
0.2
0.1975
0.55
0.315
0.2625
0.65
0.225
0.2105
0.525
0.09
0.1625
0.1149995
0.1955
0.1
0.1075
0.3275
0.15
0.125
0.275
0.3
0.17
0.1175
0.1024995
0.155
0.175
0.06
0.345
0.4125
0.1625
0.305
0.1455
0.295
0.035
0.125
0.3375
0.08
0.175
0.15
0.3395
0.1
0.225
0.325
0.15
0.15
0.0675
0.1175
0.3725
0.75
0.055
0.2549995
0.175
0.34
0.13
0.287
0.2
0.2625
0.2275
0.1
0.105
0.225
0.1225
0.125
0.15
0.175
0.25
0.325
0.35
0.18
0.6
0.4014995
0.055
0.225
0.4055
0.15
0.325
0.135
0.1
0.225
0.35
0.1725
0.0225
0.31
0.135
0.1375
0.08
0.055
0.2375
0.3
0.55
0.2275
0.24
0.0675
0.2049995
0.2
0.18
0.4894995
0.13
0.19
0.65
0.35
0.2575
0.225
0.045
0.1475
0.3375
0.2
0.2174995
0.225
0.6
0.24
0.16
0.275
0.191
0.244
0.28
0.33
0.125
0.175
0.4
0.3175
0.15
0.11
0.2375
0.0975
0.0425
0.0675
0.15
0.125
0.175
0.2
0.11
0.2625
0.1625
0.45
0.325
0.1625
0.072
0.425
0.0825
0.3125
0.075
0.275
0.225
0.5
0.0275
0.375
0.325
0.26
0.245
0.215
0.1125
0.215
0.625
0.375
0.3775
0.425
0.15
0.0296295
0.045
0.325
0.2
0.175
0.125
0.15
0.3
0.185
0.2299995
0.12
0.08
0.2575
0.33
0.06
0.45
0.2299995
0.175
0.815
0.575
0.15
0.19
0.1575
0.085
0.425
0.13
0.125
0.2125
0.03
0.19
0.175
0.28
0.2625
0.26
0.135
0.1
1.0
0.084
0.29
0.2775
0.3625
0.175
0.5
0.13
0.0425
0.175
0.275
0.175
0.45
0.065
0.7875
0.25
0.3
0.1675
0.465
0.2
0.1
0.2125
0.4375
0.475
0.2005
0.2
0.2
0.0574995
0.065
0.106
0.2625
0.135
0.095
0.305
0.0475
0.065
0.0775
0.0450885
0.075
0.14
0.125
0.19
0.525
0.4195
0.575
0.25
0.085
0.065
0.0525
0.3405
0.15
0.2275
0.325
0.45
0.14
0.165
0.285
0.3
0.69
0.7025
0.175
0.35
0.2
0.19
0.0625
0.225
0.15
0.155
0.125
0.125
0.21
0.34
0.125
0.36
0.325
0.361
0.2174995
0.06
0.09
0.13
0.2625
0.3225
0.375
0.0625
0.725
0.2875
0.2194995
0.045
0.1875
0.05
0.3
0.29
0.15
0.1625
0.1125
0.145
0.275
0.2225
0.145
0.3375
0.1
0.11
0.183
0.375
0.6
0.0564995
0.1
0.095
0.125
0.3125
0.095
0.2
0.175
0.193
0.17
0.13
0.2055
0.07
0.27
0.275
0.05
0.25
0.2875
0.225
0.1
0.2
0.285
0.2
0.16
0.14
0.3375
0.08
0.1775
0.165
0.06
0.215
0.125
0.275
0.411
0.125
0.09
0.2125
0.15
0.4
0.33
0.19
0.2125
0.1125
0.24
0.1
0.15
0.1175
0.125
0.175
0.375
0.15
0.3575
0.1775
0.13
0.5
0.2444995
0.327
0.275
0.1024995
0.345
0.15
0.035
0.55
0.3
0.36
0.15
0.85
0.21
0.1
0.3125
0.194
0.1625
0.375
0.0725
0.1
0.145
0.3
0.16
0.25
0.3055
0.4
0.1495
0.11
0.075
0.0975
0.0574995
0.2875
0.03
0.105
0.0425
0.525
0.275
0.225
0.0875
0.325
0.245
0.2725
0.075
0.0625
0.08
0.4
0.475
0.175
0.135
0.275
0.3575
0.075
0.2725
0.365
0.7875
0.155
0.26
0.275
0.135
0.2125
0.605
0.0675
0.285
0.09
0.2255
0.21
0.145
0.48
0.29
0.325
0.13
0.0625
0.025
0.85
0.1125
0.1945
0.181
0.45
0.95
0.075
0.3375
0.079
0.16
0.2225
0.2625
0.0925
0.1149995
0.825
0.325
0.275
0.4625
0.3
0.135
0.0225
0.1475
0.65
0.2
0.2745
0.05
0.225
0.1625
0.15
0.1225
0.195
0.2549995
0.075
0.8949995
0.15
0.1155
0.0425
0.4099995
0.38
0.195
0.075
0.2049995
0.265
0.1925
0.32
0.175
0.3125
0.6255
0.285
0.1625
0.275
0.15
0.275
0.0574995
0.45
0.3125
0.19
0.16
0.2
0.125
0.08
0.45
0.1
0.825
0.1335
0.43
0.1075
0.0475
0.378
0.225
0.225
0.1935
0.1149995
0.305
0.2555
0.05
0.125
0.175
0.15
0.3425
0.185
0.125
0.4875
0.325
0.25
0.11
0.43
0.02
0.0625
0.375
0.065
0.575
0.225
0.1755
0.2875
0.15
0.2
0.335
0.35
0.1695
0.1085
0.2975
0.09
0.225
0.2485
0.3125
0.425
0.0875
0.1264995
0.125
0.3
0.11
0.2125
0.21
0.15
0.225
0.2279995
0.0475
0.2075
0.4849995
0.275
0.035
0.4555
0.175
0.2975
0.185
0.1475
0.275
0.31
0.2
0.2055
0.175
0.325
0.1075
0.2875
0.3
0.095
0.185
0.4375
0.0425
0.0625
0.325
0.16
0.25
0.3
0.525
0.19
0.235
0.15
0.375
0.475
0.1975
0.6
0.215
0.0625
0.0375
0.285
0.3215
0.375
0.4
0.45
0.475
0.405
0.185
0.12
0.525
0.7
0.075
0.265
0.0875
0.3375
0.0574995
0.2049995
0.0825
0.18
0.7
0.2465
0.1
0.04
0.2
0.1225
0.675
0.175
0.14
0.325
0.3625
0.275
0.2495
0.1254995
0.175
0.085
0.17
0.285
0.21
0.35
0.45
0.09
0.21
0.1125
0.35
0.17
0.2225
0.5
0.1375
0.15
0.1225
0.1425
0.5375
0.195
0.155
0.24
0.415
0.525
0.15
0.275
0.035
0.26
0.35
0.195
0.2549995
0.165
0.1625
0.1375
0.225
0.25
0.275
0.333
0.2134995
0.11
0.3
0.32
0.175
0.6
0.055
0.2225
0.1725
0.275
0.075
0.35
0.31
0.1325
0.04
0.375
0.3625
0.175
0.1375
0.2
0.15
0.275
0.14
0.1274995
0.15
0.425
0.355
0.1575
0.26
0.125
0.06
0.07
0.3175
0.05
0.2375
0.21
0.075
0.35
0.15
0.18
0.2625
0.1855
0.375
0.2995
0.03
0.1535
0.1149995
0.095
0.305
0.425
0.35
0.25
0.075
0.11
0.15
0.079
0.3625
0.27
0.315
0.1755
0.1125
0.1149995
0.45
0.3125
0.2049995
0.475
0.145
0.385
0.2925
0.525
0.4495
0.25
0.4875
0.225
0.325
0.4
0.55
0.071
0.2
0.2875
0.08
0.275
0.185
0.25
0.0495
0.2055
0.2049995
0.35
0.475
0.07
0.8785
0.08
0.65
0.28
0.2875
0.04
0.2
0.2174995
0.1425
0.0605
0.105
0.1325
0.4
0.4065
0.07
0.22
0.2375
0.2925
0.155
0.675
0.37
0.185
0.55
0.0875
0.325
0.16
0.165
0.1
0.0675
0.285
0.225
0.368
0.155
0.29
0.13
0.35
0.105
0.2
0.265
0.075
0.4875
0.35
0.26
0.0625
0.175
0.2575
0.275
0.2575
0.17
0.1425
0.06
0.2745
0.16
0.3225
0.3
0.0725
0.275
0.175
0.2
0.2299995
0.26
0.141
0.325
0.3125
0.295
0.25
0.4055
0.04
0.1
0.355
0.134
0.1625
0.265
0.487
0.0405
0.595
0.3625
0.26
0.175
0.2375
0.1149995
0.175
0.35
0.2575
0.1325
0.075
0.175
0.54
0.1274995
0.5
0.2055
0.2549995
0.225
0.2
0.069
0.295
0.275
0.1875
0.175
0.295
0.295
0.365
0.9
0.2855
0.31
0.175
0.3375
0.19
0.044
0.071
0.0755
0.034
0.2
0.2275
0.135
0.2225
0.19
0.3175
0.15
0.175
0.2075
0.285
0.135
0.175
0.225
0.19
0.165
0.225
0.25
0.19
0.4625
0.453
0.3375
0.375
0.065
0.26
0.103
0.1825
0.3125
0.25
0.28
0.1
0.2174995
0.58
0.275
0.15
0.45
0.04
0.2049995
0.2
0.085
0.1375
0.1125
0.15
0.026
0.3375
0.4014995
0.275
0.065
0.1565
0.365
0.2299995
0.165
0.265
0.75
0.27
0.475
0.315
0.285
0.1825
0.225
0.14
0.2049995
0.5
0.215
0.14
0.225
0.3755
0.375
0.0225
0.345
0.09
0.26
0.2
0.05
0.125
0.2
0.095
0.175
0.2
0.2725
0.045
0.149
0.375
0.0745
0.31
0.445
0.24
0.3275
0.1075
0.11
0.125
0.07
0.285
0.775
0.155
0.0875
0.2375
0.3125
0.1024995
0.12
0.2125
0.15
0.225
0.35
0.13
0.15
0.3
0.1
0.075
0.0225
0.2225
0.35
0.1149995
0.44
0.25
0.525
0.03
0.235
0.2424995
0.07
0.11
0.175
0.15
0.275
0.265
0.17
0.2575
0.17
0.325
0.2125
0.175
0.04
0.425
0.24
0.2549995
0.325
0.156
0.105
0.12
0.155
0.2
0.675
0.1925
0.185
0.2475
0.15
0.125
0.175
0.1125
0.055
0.065
0.275
0.35
0.2925
0.285
0.1735
0.525
0.325
0.28
0.4349995
0.275
0.3
0.125
0.175
0.15
0.475
0.145
0.09
0.2299995
0.0825
0.1875
0.3825
0.12
0.325
0.19
0.2325
0.4125
0.16
0.15
0.225
0.15
0.3
0.145
0.2259995
0.099
0.2049995
0.275
0.15
0.11
0.1
0.1125
0.3
0.158
0.03
0.07
0.055
0.1325
0.275
0.125
0.25
0.13
0.045
0.12
0.2125
0.125
0.195
0.2475
0.095
0.145
0.15
0.135
0.5625
0.3
0.15
0.3625
0.09
0.075
0.13
0.1625
0.25
0.275
0.3895
0.11
0.3625
0.225
0.075
0.08
0.2
0.4
0.4875
0.135
0.525
0.24
0.06
0.2625
0.27
0.35
0.1175
0.425
0.3375
0.075
0.27
0.075
0.5224995
0.325
0.4
0.16
0.1149995
0.5125
0.105
0.275
0.4
0.2875
0.125
0.145
0.835
0.1625
0.175
0.325
0.2299995
0.1375
0.8449995
0.4125
0.25
0.1875
0.1625
0.175
0.3
0.375
0.049
0.35
0.225
0.275
0.0975
0.14
0.0975
0.1175
0.275
0.375
0.25
0.575
0.417
0.6
0.25
0.325
0.2
0.4625
0.135
0.315
0.325
0.065
0.4625
0.125
0.225
0.2025
0.125
0.0325
0.625
0.1375
0.07
0.2625
0.125
0.195
0.06
0.19
0.15
0.325
0.375
0.15
0.1625
0.3975
0.2875
0.3
0.1675
0.315
0.095
0.1475
0.4349995
0.4175
0.15
0.12
0.825
0.6325
0.3175
0.13
0.145
0.1
0.155
0.2
0.1
0.15
0.235
0.625
0.075
0.08
0.2245
0.07
0.2
0.04
0.0425
0.225
0.125
0.375
0.125
0.175
0.16
0.925
0.3125
0.525
0.155
0.275
0.125
0.0325
0.1585
0.3
0.0275
0.2825
0.1375
0.3375
0.215
0.675
0.125
0.055
0.125
0.09
0.2
0.025
0.35
0.13
0.275
0.1075
0.105
0.225
0.21
0.1
0.35
0.135
0.1425
0.32
0.1625
0.0975
0.05
0.125
0.36
0.43
0.35
0.1625
0.2
0.25
0.3
0.1425
0.165
0.2299995
0.25
0.175
0.13
0.155
0.0775
0.0875
0.07
0.31
0.96
0.2
0.1375
0.1625
0.405
0.215
0.29
0.09
0.345
0.3055
0.175
0.315
0.16
0.7125
0.275
0.28
0.49
0.305
0.1
0.495
0.11
0.525
0.1555
0.85
0.21
0.2225
0.1625
0.3275
0.8
0.15
0.2549995
0.085
0.8449995
0.15
0.33
0.065
0.1254995
0.2925
0.3125
0.4525
0.18
0.2625
0.29
0.4445
0.1
0.13
0.2384995
0.3875
0.125
0.3
0.065
0.875
0.3055
0.0625
0.365
0.0675
0.055
0.055
0.195
0.0775
0.3
0.055
0.225
0.045
0.155
0.089
0.275
0.175
0.2675
0.2825
0.475
0.325
0.243
0.3375
0.2049995
0.04
0.2825
0.48
0.055
0.3355
0.185
0.16
0.16
0.2
0.225
0.1
0.0725
0.3
0.2995
0.1225
0.7
0.3
0.266
0.1825
0.0995
0.2675
0.02
0.2165
0.19
0.245
0.275
0.18
0.35
0.1125
0.2375
0.04
0.09
0.5
0.525
0.2
0.7875
0.1125
0.03
0.16
0.3
0.21
0.075
0.235
0.1274995
0.5
0.4
0.2
0.4
0.225
0.03
0.2675
0.125
0.075
0.275
0.25
0.325
0.0425
0.325
0.295
0.175
0.2375
0.2125
0.12
0.225
0.4625
0.225
0.175
0.0275
0.0675
0.175
0.175
0.2299995
0.125
0.11
0.325
0.075
0.275
0.2
0.2775
0.39
0.1149995
0.12
0.0425
0.2049995
0.2675
0.285
0.2055
0.15
0.27
0.1325
0.11
0.16
0.18
0.175
0.25
0.325
0.2
0.135
0.155
0.325
0.1375
0.2125
0.1825
0.425
0.5
0.325
0.3925
0.1875
0.325
0.16
0.315
0.3875
0.09
0.1075
0.45
0.0845
0.19
0.14
0.3555
0.28
0.475
0.0675
0.31
0.131
0.275
0.2
0.1995
0.31
0.1375
0.18
0.075
0.12
0.14
0.0325
0.155
0.6625
0.14
0.15
0.17
0.25
0.65
0.325
0.3345
0.075
0.3355
0.1
0.261
0.3125
0.2049995
0.045
0.7325
0.475
0.125
0.975
0.3
0.0475
0.215
0.2
0.216
0.325
0.08
0.275
0.3
0.315
0.375
0.35
0.3965
0.2605
0.225
0.055
0.1735
0.175
0.1274995
0.13
0.2
0.35
0.3625
0.225
0.1375
0.3125
0.1375
0.26
0.3
0.475
0.625
0.0625
0.7375
0.215
0.175
0.2925
0.4
0.175
0.3125
0.325
0.21
0.18
0.05
0.3025
0.095
0.225
0.35
0.8125
0.25
0.195
0.2375
0.075
0.2875
0.0475
0.125
0.175
0.25
0.305
0.15
0.15
0.25
0.25
0.225
0.2925
0.2125
0.0574995
0.2424995
0.28
0.2125
0.12
0.475
0.0425
0.35
0.3
0.135
0.06
0.335
0.215
0.1095
0.125
0.3745
0.2555
0.325
0.0875
0.105
0.2125
0.1525
0.1149995
0.2675
0.425
0.2
0.475
0.3
0.123
0.265
0.1
0.335
0.2105
0.25
0.275
0.105
0.433
0.125
0.09
0.175
0.075
0.175
0.28
0.16
0.09
0.1
0.3875
0.2975
0.165
0.0825
0.375
0.1075
0.09
0.175
0.225
0.1925
0.6
0.1149995
0.475
0.0325
0.2
0.25
0.24
0.225
0.1625
0.1
0.1149995
0.393
0.1024995
0.2
0.275
0.1075
0.1875
0.0875
0.075
0.25
0.0605
0.275
0.1625
0.16
0.25
0.57
0.3985
0.029
0.3
0.125
0.17
0.0505
0.45
0.175
0.15
0.125
0.035
0.1975
0.1425
0.4425
0.45
0.24
0.35
0.175
0.1695
0.125
0.335
0.225
0.08
0.035
0.275
0.25
0.825
0.125
0.2
0.25
0.265
0.18
0.175
0.225
0.45
0.375
0.2
0.8375
0.2125
0.135
0.6
0.1375
0.1125
0.1375
0.021
0.315
0.3
0.42
0.085
0.265
0.305
0.155
0.35
0.174
0.325
0.0275
0.285
0.3655
0.1
0.15
0.066
0.1125
0.27
0.4775
0.3375
0.37
0.0375
0.2424995
0.085
0.287
0.225
0.15
0.25
0.225
0.075
0.075
0.215
0.125
0.1024995
0.105
0.275
0.45
0.2279995
0.15
0.39
0.045
0.275
0.5
0.0405
0.2299995
0.15
0.15
0.24
0.075
0.3405
0.37
0.32
0.2675
0.1625
0.315
0.28
0.3245
0.17
0.074
0.1705
0.375
0.35
0.969
0.175
0.2625
0.0325
0.125
0.179
0.11
0.1
0.4745
0.1024995
0.2299995
0.1175
0.11
0.14
0.06
0.05
0.085
0.135
0.2
0.1
0.275
0.125
0.3
0.3125
0.14
0.3625
0.377
0.2299995
0.2875
0.85
0.15
0.2
0.1925
0.3125
0.105
0.095
0.075
0.2125
0.126
0.2675
0.27
0.175
0.1525
0.3
0.4
0.3
0.075
0.125
0.15
0.0995
0.555
0.15
0.225
0.375
0.0325
0.0785
0.1225
0.377
0.1149995
0.3
0.1425
0.135
0.095
0.05
0.1575
0.4
0.085
0.1625
0.025
0.16
0.2755
0.1375
0.2
0.2
0.281
0.2
0.425
0.1635
0.2049995
0.2549995
0.3
0.3
0.256
0.275
0.265
0.08
0.2075
0.06
0.9
0.15
0.145
0.0225
0.071
0.4
0.17
0.025
0.11
0.725
0.3
0.2375
0.16
0.095
0.045
0.9
0.235
0.2
0.2775
0.19
0.3
0.2115
0.2475
0.5
0.25
0.1375
0.175
0.0525
0.325
0.085
0.25
0.225
0.175
0.1
0.125
0.15
0.1
0.26
0.175
0.2925
0.345
0.3
0.4375
0.34
0.365
0.7
0.0875
0.0875
0.1925
0.225
0.275
0.1
0.25
0.0275
0.1775
0.345
0.4625
0.27
0.0875
0.12
0.155
0.0875
0.2299995
0.3
0.165
0.05
0.36
0.3
0.425
0.215
0.4125
0.285
0.417
0.075
0.05
0.145
0.4
0.035
0.446
0.098
0.2945
0.2725
0.944
0.0955
0.236
0.14
0.185
0.25
0.045
0.0875
0.1975
0.065
0.475
0.1
0.15
0.3475
0.325
0.1875
0.09
0.3
0.05
0.065
0.1425
0.385
0.375
0.2875
0.2194995
0.1125
0.2174995
0.3275
0.375
0.176
0.25
0.12
0.325
0.09
0.25
0.395
0.24
0.295
0.0625
0.075
0.2125
0.2625
0.26
0.125
0.1
0.15
0.495
0.15
0.3
0.1
0.11
0.35
0.3375
0.3
0.325
0.18
0.225
0.5
0.325
0.525
0.04
0.275
0.3
0.375
0.1
0.2
0.925
0.69
0.3375
0.375
0.35
0.31
0.2
0.1375
0.47
0.7325
0.55
0.4099995
0.0775
0.06
0.475
0.225
0.09
0.224
0.175
0.2625
0.085
0.1875
0.2375
0.2125
0.2675
0.24
0.0675
0.075
0.24
0.425
0.315
0.1
0.2375
0.2225
0.15
0.15
0.19
0.1175
0.1225
0.2
0.275
0.5
0.0925
0.625
0.15
0.225
0.5715
0.18
0.2875
0.2075
0.15
0.405
0.325
0.1925
0.285
0.375
0.0275
0.2625
0.175
0.1425
0.135
0.45
0.2875
0.125
0.15
0.035
0.175
0.15
0.1
0.4559995
0.145
0.2
0.25
0.16
0.2055
0.185
0.2
0.2549995
0.375
0.2549995
0.375
0.1325
0.2049995
0.1625
0.2625
0.2625
0.155
0.045
0.2049995
0.285
0.165
0.3
0.2299995
0.425
0.0225
0.175
0.3625
0.125
0.0765
0.1
0.24
0.475
0.0875
0.2049995
0.07
0.06
0.3
0.03
0.195
0.2875
0.15
0.059
0.085
0.235
0.14
0.1325
0.525
0.19
0.0875
0.35
0.1375
0.382
0.225
0.225
0.3125
0.0775
0.105
0.065
0.325
0.175
0.17
0.1149995
0.07
0.2075
0.1105
0.15
0.1975
0.2875
0.8
0.04
0.475
0.0675
0.07
0.275
0.1325
0.032
0.1024995
0.3
0.1685
0.07
0.281
0.055
0.21
0.25
0.43
0.1625
0.0225
0.375
0.39
0.2049995
0.225
0.075
0.4599995
0.185
0.1274995
0.475
0.2625
0.25
0.31
0.275
0.1425
0.155
0.3475
0.0375
0.145
0.125
0.36
0.04
0.0775
0.2
0.11
0.3
0.105
0.5375
0.55
0.15
0.2675
0.2299995
0.325
0.39
0.075
0.145
0.09
0.2375
0.285
0.4825
0.35
0.07
0.2
0.1625
0.065
0.2625
0.2275
0.1
0.33
0.39
0.5
0.105
0.315
0.25
0.3875
0.38
0.1125
0.275
0.375
0.08
0.2
0.105
0.12
0.2
0.1625
0.5
0.875
0.6
0.15
0.2125
0.375
0.075
0.225
0.175
0.25
0.69
0.5155
0.085
0.25
0.575
0.295
0.44
0.0225
0.0574995
0.225
0.2835
0.15
0.135
0.145
0.25
0.075
0.15
0.1
0.275
0.55
0.325
0.0325
0.08
0.22
0.0277995
0.275
0.05
0.1875
0.1225
0.095
0.2
0.1
0.445
0.375
0.3625
0.295
0.2325
0.24
0.125
0.22
0.215
0.18
0.425
0.0225
0.3
0.325
0.4
0.2075
0.325
0.3
0.22
0.0325
0.25
0.2549995
0.2925
0.325
0.13
0.17
0.0925
0.0325
0.375
0.075
0.2
0.275
0.34
0.1125
0.55
0.1
0.325
0.213
0.1
0.11
0.37
0.06
0.065
0.08
0.28
0.225
0.35
0.317
0.2275
0.975
0.09
0.275
0.19
0.3
0.04
0.2375
0.173
0.1075
0.475
0.275
0.15
0.2925
0.2125
0.15
0.35
0.305
0.404
0.1625
0.1075
0.0655
0.4099995
0.1175
0.4625
0.325
0.155
0.125
0.4375
0.09
0.35
0.0375
0.0475
0.325
0.275
0.375
0.1
0.3
0.25
0.185
0.35
0.175
0.25
0.235
0.2825
0.06
0.105
0.4
0.1475
0.1975
0.075
0.25
0.44
0.0225
0.2549995
0.15
0.1
0.18
0.075
0.375
0.225
0.15
0.175
0.5125
0.45
0.0405
0.175
0.1
0.18
0.35
0.575
0.2375
0.3
0.085
0.195
0.05
0.1149995
0.3
0.15
0.085
0.195
0.105
0.0825
0.2625
0.16
0.2299995
0.455
0.165
0.06
0.15
0.065
0.4
0.1375
0.25
0.07
0.1149995
0.325
0.28
0.2125
0.1125
0.26
0.3375
0.1625
0.125
0.275
0.475
0.4099995
0.1755
0.2549995
0.525
0.175
0.29
0.475
0.25
0.1175
0.21
0.325
0.2125
0.2
0.105
0.18
0.2125
0.06
0.185
0.325
0.085
0.35
0.0574995
0.3
0.1175
0.0775
0.19
0.275
0.075
0.373
0.32
0.3325
0.11
0.4425
0.165
0.03
0.11
0.35
0.11
0.06
0.225
0.1675
0.0425
0.1775
0.2725
0.021
0.1
0.25
0.0825
0.3
0.085
0.1
0.054
0.125
0.315
0.08
0.335
0.175
0.095
0.124
0.2
0.425
0.06
0.3495
0.34
0.2015
0.265
0.18
0.3
0.1225
0.38
0.2299995
0.225
0.425
0.375
0.075
0.35
0.095
0.0475
0.095
0.1
0.3
0.275
0.3
0.55
0.075
0.425
0.07
0.215
0.25
0.208
0.295
0.1125
0.365
0.2695
0.2375
0.128
0.0925
0.305
0.0275
0.21
0.9125
0.08
0.32
0.3
0.17
0.2325
0.175
0.195
0.139
0.075
0.065
0.275
0.39
0.1
0.19
0.302
0.35
0.25
0.1
0.2625
0.2299995
0.2125
0.175
0.45
0.1755
0.1645
0.45
0.308
0.076
0.975
0.11
0.34
0.925
0.09
0.275
0.023
0.375
0.1825
0.1925
0.275
0.178
0.0375
0.76
0.15
0.0725
0.035
0.074
0.0225
0.16
0.2375
0.175
0.0925
0.15
0.1254995
0.235
0.2
0.135
0.2174995
0.1375
0.05
0.125
0.4
0.2125
0.275
0.375
0.3
0.16
0.2555
0.08
0.5099995
0.425
0.85
0.467
0.125
0.1149995
0.0275
0.08
0.125
0.045
0.11
0.2225
0.19
0.195
0.09
0.4
0.051
0.525
0.25
0.105
0.1645
0.315
0.1725
0.285
0.5
0.055
0.11
0.078
0.125
0.37
0.0875
0.39
0.1875
0.15
0.125
0.2
0.155
0.2299995
0.25
0.35
0.3125
0.2495
0.1125
0.155
0.3
0.0775
0.175
0.125
0.1625
0.1
0.08
0.0225
0.141
0.225
0.05
0.8449995
0.0425
0.4875
0.225
0.2299995
0.125
0.2
0.25
0.2174995
0.225
0.1825
0.13
0.1125
0.12
0.1475
0.2625
0.2575
0.175
0.33
0.0675
0.14
0.17
0.1845
0.275
0.14
0.1
0.18
0.15
0.2
0.0955
0.15
0.5
0.0675
0.0925
0.21
0.1225
0.35
0.105
0.075
0.06
0.4
0.2875
1.0
0.45
0.2865
0.265
0.06
0.2475
0.2299995
0.1875
0.15
0.365
0.191
0.3125
0.15
0.045
0.325
0.75
0.06
0.19
0.3
0.1175
0.2375
0.1625
0.36
0.11
0.0925
0.3
0.39
0.0725
0.35
0.105
0.465
0.4
0.275
0.135
0.165
0.09
0.425
0.315
0.2125
0.25
0.258
0.275
0.3
0.1975
0.325
0.375
0.2
0.2
0.32
0.195
0.25
0.3
0.095
0.1
0.35
0.35
0.1149995
0.08
0.425
0.15
0.175
0.2675
0.47
0.44
0.325
0.35
0.22
0.13
0.175
0.08
0.375
0.085
0.0825
0.3
0.1375
0.1875
0.375
0.758
0.4125
0.1375
0.825
0.145
0.24
0.135
0.0675
0.1725
0.0925
0.11
0.1375
0.195
0.16
0.07
0.355
0.095
0.875
0.3
0.575
0.4849995
0.0325
0.2875
0.3
0.225
0.125
0.3125
0.125
0.135
0.08
0.0325
0.075
0.4125
0.075
0.375
0.105
0.26
0.15
0.1125
0.28
0.175
0.3325
0.05
0.75
0.2
0.21
0.1625
0.16
0.4599995
0.12
0.1125
0.1975
0.075
0.16
0.4099995
0.32
0.2549995
0.75
0.225
0.25
0.1375
0.2675
0.155
0.1625
0.1625
0.09
0.125
0.2
0.3125
0.215
0.18
0.145
0.5
0.31
0.055
0.1425
0.105
0.35
0.17
0.375
0.15
0.15
0.065
0.59
0.1875
0.2
0.1
0.33
0.105
0.3
0.125
0.3
0.105
0.225
0.1625
0.3785
0.025
0.0325
0.2549995
0.825
0.275
0.1625
0.175
0.08
0.12
0.175
0.395
0.45
0.065
0.145
0.0875
0.1125
0.3975
0.02
0.185
0.675
0.395
0.064
0.45
0.2049995
0.275
0.15
0.2125
0.225
0.075
0.155
0.0725
0.125
0.175
0.1975
0.325
0.09
0.21
0.1675
0.1175
0.135
0.06
0.245
0.2049995
0.16
0.12
0.0675
0.39
0.4785
0.825
0.32
0.25
0.136
0.375
0.14
0.335
0.25
0.5
0.975
0.19
0.425
0.15
0.3625
0.325
0.125
0.075
0.0975
0.15
0.206
0.1
0.1625
0.2299995
0.175
0.325
0.3
0.3375
0.225
0.1149995
0.3
0.1149995
0.375
0.3
0.1149995
0.074
0.325
0.355
0.1425
0.085
0.385
0.16
0.275
0.155
0.25
0.4125
0.2625
0.125
0.2225
0.725
0.12
0.125
0.15
0.175
0.425
0.825
0.825
0.3
0.3625
0.575
0.315
0.105
0.0775
0.61
0.17
0.1625
0.425
0.375
0.45
0.05
0.475
0.3125
0.5
0.2275
0.375
0.08
0.325
0.4
0.06
0.0445
0.2
0.29
0.165
0.035
0.55
0.475
0.525
0.15
0.21
0.195
0.0925
0.39
0.33
0.105
0.2325
0.11
0.05
0.2075
0.3555
0.11
0.25
0.3475
0.12
0.125
0.4
0.1325
0.35
0.27
0.2325
0.14
0.075
0.0275
0.1075
0.202
0.45
0.3
0.2475
0.2625
0.3125
0.4375
0.1325
0.1675
0.15
0.15
0.335
0.2049995
0.1175
0.5375
0.2325
0.285
0.225
0.0675
0.12
0.07
0.1875
0.3
0.3875
0.0595
0.288
0.35
0.2675
0.2775
0.122
0.175
0.345
0.275
0.14
0.305
0.2375
0.175
0.3995
0.21
0.125
0.275
0.18
0.275
0.2875
0.15
0.154
0.1625
0.125
0.214
0.275
0.185
0.165
0.335
0.31
0.135
0.1975
0.1125
0.097
0.31
0.18
0.165
0.025
0.04
0.2049995
0.18
0.225
0.102
0.11
