selling_price
0.165
0.07
0.25
0.1
0.08
0.2
0.1325
0.2875
0.175
0.1875
0.1925
0.3375
0.065
0.375
0.235
0.0335
0.085
0.4
0.225
0.1125
0.425
0.204
0.1875
0.135
0.045
0.175
0.15
0.185
0.0675
0.42
0.0275
0.35
0.1225
0.3
0.55
0.08
0.15
0.3
0.85
0.26
0.145
0.8725
0.13
0.1149995
0.105
0.325
0.15
0.0675
0.31
0.275
0.0225
0.3
0.36
0.35
0.085
0.1675
0.09
0.04
0.125
0.1375
0.1575
0.34
0.0945
0.2549995
0.125
0.1
0.55
0.131
0.2125
0.15
0.325
0.29
0.425
0.3375
0.175
0.2125
0.19
0.11
0.035
0.2424995
0.425
0.0995
0.35
0.0825
0.2675
0.18
0.3245
0.45
0.2925
0.35
0.345
0.6
0.1
0.2625
0.08
0.1225
0.3
0.3
0.13
0.45
0.155
0.625
0.2
0.33
0.4
0.3125
0.1125
0.625
0.275
0.07
0.2125
0.225
0.5125
0.025
0.07
0.035
0.16
0.0574995
0.1575
0.3355
0.25
0.4099995
0.275
0.1625
0.145
0.1975
0.2625
0.0225
0.17
0.225
0.06
0.525
0.25
0.1
0.25
0.235
0.325
0.0975
0.185
0.07
0.325
0.395
0.4165
0.2
0.195
0.1075
0.27
0.05
0.31
0.05
0.22
0.48
0.35
0.15
0.375
0.376
0.1
0.0675
0.1125
0.445
0.525
0.09
0.25
0.275
0.12
0.245
0.2975
0.15
0.37
0.262
0.4875
0.3
0.2975
0.125
0.22
0.2125
0.2299995
0.09
0.1149995
0.175
0.0225
0.14
0.125
0.1875
0.13
0.38
0.0825
0.1149995
0.4125
0.225
0.325
0.3625
0.0625
0.2375
0.22
0.3675
0.5625
0.35
0.19
0.09
0.3
0.22
0.275
0.15
0.05
0.075
0.2275
0.3
0.1775
0.6625
0.175
0.2
0.285
0.35
0.285
0.3725
0.265
0.08
0.0625
0.3
0.15
0.35
0.105
0.225
0.335
0.275
0.2495
0.265
0.265
0.325
0.325
0.225
0.3
0.15
1.0
1.0
0.15
0.165
0.13
0.125
0.1155
0.19
0.27
0.2975
0.175
0.275
0.2475
0.175
0.347
0.15
0.455
0.25
0.235
0.11
0.3175
0.175
0.175
0.3075
0.265
0.125
0.495
0.275
0.175
0.075
0.525
0.0875
0.2
0.175
0.2325
0.075
0.175
0.355
0.275
0.0725
0.325
0.09
0.0705
0.1875
0.4
0.175
0.335
0.2174995
0.4474995
0.35
0.375
0.175
0.19
0.31
0.175
0.3
0.175
0.15
0.04
0.2075
0.4
0.08
0.29
0.35
0.22
0.135
0.325
0.155
0.15
0.055
0.2
0.225
0.13
0.35
0.15
0.4425
0.395
0.085
0.2125
0.19
0.07
0.11
0.225
0.225
0.4625
0.1525
0.55
0.087
0.2049995
0.475
0.285
0.055
0.225
0.0325
0.3875
0.09
0.175
0.035
0.25
0.9494995
0.235
0.064
0.445
0.545
0.195
0.1995
0.125
0.2549995
0.06
0.17
0.4
0.0525
0.045
0.29
0.075
0.45
0.135
0.275
0.2549995
0.06
0.44
0.275
0.186
0.29
0.29
0.342
0.139
0.25
0.26
0.22
0.3
0.45
0.3825
0.175
0.475
0.425
0.295
0.55
0.14
0.3
0.075
0.0325
0.125
0.6
0.11
0.555
0.225
0.45
0.65
0.285
0.4
0.525
0.175
0.2075
0.275
0.35
0.26
0.2325
0.175
0.3375
0.425
0.1125
0.875
0.0875
0.1125
0.275
0.075
0.95
0.34
0.075
0.1375
0.07
0.1525
0.1995
0.099
0.375
0.185
0.1149995
0.125
0.1425
0.4125
0.1975
0.4
0.05
0.175
0.12
0.225
0.15
0.2
0.4099995
0.125
0.325
0.025
0.15
0.285
0.045
0.05
0.19
0.11
0.05
0.195
0.6
0.175
0.4495
0.425
0.225
0.155
0.235
0.3375
0.2
0.12
0.2
0.263
0.175
0.07
0.2
0.55
0.195
0.2
0.15
0.155
0.425
0.0625
0.155
0.2049995
0.125
0.1
0.275
0.2895
0.39
0.1805
0.125
0.2259995
0.6125
0.155
0.2775
0.2
0.28
0.29
0.45
0.085
0.75
0.175
0.175
0.3425
0.3275
0.195
0.2375
0.14
0.09
0.2125
0.127
0.0825
0.3125
0.225
0.1575
0.325
0.65
0.075
0.059
0.17
0.055
0.375
0.074
0.325
0.75
0.625
0.27
0.3
0.22
0.3625
0.2049995
0.065
0.125
0.3
1.0
0.2
0.14
0.45
0.1
0.49
0.175
0.2549995
0.275
0.2625
0.0625
0.12
0.475
0.45
0.325
0.325
0.16
0.3155
0.225
0.325
0.1875
0.3
0.14
0.4
0.375
0.5625
0.165
0.26
0.25
0.45
0.0574995
0.13
0.0425
0.2075
0.12
0.525
0.1425
0.4625
0.14
0.2625
0.0775
0.0825
0.365
0.125
0.31
0.3125
0.1875
0.033
0.1075
0.3
0.0975
0.175
0.1
0.035
0.3875
0.0845
0.6185
0.2424995
0.4455
0.075
0.3475
0.123
0.0725
0.31
0.5175
0.175
0.18
0.285
0.315
0.06
0.125
0.15
0.175
0.095
0.0525
0.3075
0.3375
0.375
0.2
0.2049995
0.3
0.275
0.1855
0.155
0.1024995
0.1925
0.345
0.375
0.125
0.325
0.1575
0.3
0.285
0.2
0.1
0.3
0.08
0.155
0.0675
0.1875
0.385
0.15
0.315
0.12
0.6
0.075
0.2
0.2075
0.33
0.055
0.2
0.4995
0.165
0.225
0.1075
0.175
0.55
0.195
0.425
0.2225
0.075
0.1875
0.105
0.325
0.3625
0.4
0.2815
0.38
0.39
0.175
0.375
0.0625
0.0375
0.4
0.145
0.265
0.2299995
0.1125
0.2575
0.325
0.2625
0.475
0.1075
0.1149995
0.1805
0.1
0.0295
0.2424995
0.285
0.925
0.2279995
0.325
0.57
0.475
0.33
0.35
0.12
0.2549995
0.3875
0.18
0.04
0.15
0.825
0.2705
0.2875
0.15
0.3425
0.1625
0.1149995
0.175
0.3575
0.1325
0.0825
0.375
0.2
0.5125
0.075
0.04725
0.1775
0.225
0.2
0.1625
0.375
0.123
0.0625
0.17
0.086
0.415
0.095
0.2049995
0.135
0.625
0.11
0.29
0.3
0.055
0.06
0.24
0.0825
0.085
0.1
0.3
0.2
0.0745
0.2055
0.2
0.125
0.45
0.14
0.32
0.4625
0.185
0.15
0.15
0.125
0.0825
0.1
0.075
0.5875
0.25
0.6
0.641
0.11
0.105
0.135
0.2
0.235
0.15
0.0925
0.1375
0.295
0.085
0.2875
0.575
0.165
0.0225
0.375
0.325
0.325
0.075
0.19
0.175
0.09
0.185
0.34
0.245
0.1925
0.1375
0.145
0.4875
0.1125
0.675
0.25
0.215
0.3025
0.2
0.1
0.0725
0.1475
0.24
0.12
0.525
0.11
0.4349995
0.1014995
0.18
0.5825
0.25
0.02
0.365
0.5125
0.325
0.225
0.1274995
0.1875
0.1
0.4474995
0.0625
0.1925
0.4599995
0.4255
0.145
0.15
0.06
0.45
0.1425
0.0225
0.1385
0.03
0.1
0.475
0.25
0.15
0.165
0.1325
0.22
0.025
0.0825
0.35
0.21
0.3225
0.175
0.1625
0.325
0.09
0.08
0.055
0.125
0.2325
0.125
0.1625
0.2549995
0.28
0.1
0.2049995
0.16
0.1
0.0775
0.135
0.3275
0.2424995
0.1
0.0675
0.22
0.3
0.085
0.035
0.3675
0.17
0.2145
0.2925
0.18
0.3
0.135
0.2625
0.175
0.305
0.225
0.1375
0.2299995
0.375
0.16
0.265
0.325
0.45
0.305
0.075
0.065
0.13
0.125
0.5375
0.15
0.185
0.275
0.3245
0.2375
0.155
0.1274995
0.3
0.14
0.2125
0.1075
0.1475
0.1425
0.227
0.75
0.135
0.215
0.295
0.2625
0.125
0.0875
0.1149995
0.1425
0.08
0.233
0.06
0.245
0.2625
0.475
0.2375
0.135
0.3125
0.175
0.5
0.3
0.55
0.281
0.245
0.05
0.185
0.16
0.3
0.5
0.475
0.1475
0.2549995
0.075
0.24
0.9
0.4
0.29
0.1
0.2375
0.15
0.25
0.24
0.425
0.35
0.06
0.49
0.1625
0.085
0.125
0.5735
0.375
0.349
0.1149995
0.07
0.16
0.325
0.08
0.15
0.35
0.06
0.31
0.33
0.15
0.325
0.235
0.045
0.3975
0.1625
0.1
0.07
0.0825
0.515
0.135
0.65
0.175
0.1149995
0.095
0.125
0.075
0.3
0.425
0.5
0.2
0.325
0.15
0.187
0.125
0.0425
0.29
0.175
0.16
0.75
0.123
0.295
0.405
0.075
0.35
0.35
0.325
0.0975
0.34
0.275
0.32
0.1175
0.15
0.1875
0.3875
0.1975
0.125
0.225
0.27
0.0725
0.375
0.475
0.345
0.2675
0.12
0.1
0.325
0.175
0.2575
0.0875
0.2549995
0.2
0.2
0.1625
0.85
0.4099995
0.195
0.32
0.275
0.295
0.075
0.25
0.275
0.2299995
0.3875
0.27
0.055
0.3125
0.11
0.025
0.1295
0.78
0.35
0.5255
0.375
0.208
0.35
0.4
0.12
0.575
0.195
0.155
0.045
0.1
0.12
0.055
0.275
0.1075
0.25
0.525
0.1825
0.0875
0.225
0.125
0.1375
0.28
0.2375
0.065
0.3255
0.325
0.15
0.0475
0.375
0.16
0.3075
0.16
0.2
0.2
0.02
0.455
0.5
0.1149995
0.15
0.65
0.1325
0.1075
0.2625
0.0675
0.29
0.165
0.08
0.0645
0.2549995
0.075
0.175
0.2075
0.875
0.2
0.075
0.2745
0.3825
0.25
0.1925
0.3
0.34
0.235
0.4125
0.3125
