selling_price
0.225
0.185
0.079
0.1125
0.065
0.22
0.048
0.0225
0.175
0.1
0.25
0.046
0.14
0.09
0.2
0.389
0.25
0.34
0.087
0.475
0.2625
0.25
0.2875
0.1375
0.15
0.11
0.1274995
0.335
0.075
0.365
0.325
0.165
0.183
0.5745
0.075
0.2125
0.075
0.4625
0.2125
0.3375
0.4099995
0.195
0.75
0.35
0.725
0.2125
0.3
0.425
0.825
0.875
0.795
0.8449995
0.7125
0.1325
0.095
0.2125
0.315
0.3
0.325
0.27
0.315
0.224
0.25
0.3725
0.5125
0.1175
0.315
0.85
0.225
0.225
0.225
0.6
0.305
0.2424995
0.1375
0.1575
0.1375
0.14
0.2275
0.1755
0.2675
0.0875
0.2625
0.3
0.2825
0.3625
0.0925
0.1
0.3075
0.135
0.305
0.3125
0.2
0.433
0.35
0.15
0.85
0.1875
0.261
0.2259995
0.15
0.2375
0.39
0.2975
0.22
0.2
0.57
0.425
0.185
0.175
0.18
0.0525
0.3125
0.0675
0.35
0.345
0.9324995
0.875
0.3975
0.3125
0.2675
0.4875
0.4025
0.4055
0.1875
0.275
0.3225
0.2995
0.4375
0.4474995
0.0875
0.17
0.7625
0.5125
0.95
0.225
0.425
0.15
0.2875
0.08
0.2575
0.195
0.02
0.11
0.2125
0.2435
0.193
0.05
0.15
0.05
0.875
0.225
0.245
0.1725
0.0425
0.1075
0.16
0.2299995
0.0325
0.36
0.4
0.26
0.29
0.3
0.145
0.18
0.275
0.1875
0.21
0.275
0.135
0.35
0.25
0.16
0.35
0.145
0.275
0.1325
0.415
0.4
0.08
0.1675
0.1645
0.3875
0.262
0.1225
0.1375
0.26
0.455
0.15
0.175
0.45
0.15
0.125
0.55
0.135
0.32
0.325
0.2049995
0.0825
0.04
0.2675
0.275
0.34
0.1
0.25
0.5
0.055
0.16
0.175
0.4
0.25
0.69
0.65
0.265
0.18
0.155
0.3625
0.17
0.275
0.575
0.19
0.175
0.305
0.2625
0.39
0.16
0.1875
0.15
0.25
0.202
0.175
0.19
0.0574995
0.1675
0.2325
0.145
0.055
0.225
0.105
0.11
0.225
0.145
0.26
0.1325
0.165
0.2549995
0.25
0.2625
0.3375
0.15
0.045
0.325
0.2045
0.2
0.06
0.3225
0.0405
0.65
0.625
0.2675
0.2775
0.3625
0.4
0.2049995
0.605
0.2
0.26
0.325
0.1625
0.21
0.1274995
0.0325
0.1755
0.202
0.0925
0.125
0.03
0.25
0.0425
0.0425
0.1325
0.065
0.24
0.085
0.1375
0.0445
0.085
0.545
0.55
0.305
0.1675
0.2174995
0.195
0.1625
0.32
0.225
0.1075
0.285
0.34
0.1625
0.075
0.345
0.775
0.032
0.125
0.0325
0.275
0.15
0.4
0.2515
1.0
0.1125
0.37
0.275
0.375
0.325
0.3125
0.3
0.225
0.3895
0.075
0.25
0.24
0.2675
0.125
0.15
0.17
0.17
0.12
0.5425
0.375
0.0475
0.2049995
0.1075
0.645
0.075
0.1095
0.1625
0.13
0.35
0.08
0.42
0.225
0.45
0.285
0.1274995
0.065
0.265
0.26
0.1149995
0.0405
0.3
0.2049995
0.06
0.16
0.146
0.195
0.275
0.1925
0.4
0.3375
0.7625
0.475
0.305
0.2625
0.1875
0.29
0.2174995
0.175
0.365
0.3
0.525
0.3675
0.525
0.21
0.4
1.0
0.3
0.25
0.1
0.13
0.14
0.305
0.15
0.07
0.1149995
0.1
0.1
0.28
0.2925
0.38
0.215
0.24
0.3215
0.25
0.2125
0.125
0.1425
0.08
0.125
0.085
0.2049995
0.2
0.35
0.175
0.33
0.134
0.135
0.15
0.11
0.15
0.2805
0.3775
0.1175
0.0825
0.095
0.055
0.16
0.27
0.09
0.225
0.225
0.1
0.2125
0.2
0.0625
0.8
0.45
0.225
0.105
0.4005
0.1585
0.165
0.16
0.06
0.065
0.11
0.17
0.1
0.07
0.5
0.2475
0.118
0.195
0.3875
0.9
0.425
0.375
0.285
0.29
0.2424995
0.35
0.2075
0.1625
0.15
0.1085
0.35
0.233
0.2424995
0.335
0.25
0.3375
0.11
0.825
0.315
0.125
0.06
0.15
0.2625
0.55
0.24
0.3025
0.125
0.1225
0.105
0.365
0.25
0.2
0.14
0.2805
0.475
0.1875
0.35
0.1875
0.135
0.15
0.1125
0.675
0.1
0.2
0.25
0.25
0.75
0.2775
0.1685
0.0875
0.09
0.1
0.175
0.2049995
0.3275
0.185
0.1
0.4
0.275
0.15
0.11
0.098
0.0675
0.1495
0.15
0.36
0.325
0.15
0.375
0.13
0.15
0.3
0.1375
0.125
0.21
0.1175
0.55
0.18
0.19
0.325
0.175
0.135
0.225
0.315
0.1149995
0.135
0.0675
0.1375
0.317
0.1175
0.1375
0.35
0.1075
0.075
0.475
0.365
0.0675
0.175
0.2675
0.2275
0.3275
0.4
0.55
0.6125
0.17
0.15
0.185
0.165
0.119
0.1
0.16
0.0574995
0.16
0.105
0.1
0.0675
0.175
0.175
0.34
0.1
0.15
0.135
0.1125
0.125
0.295
0.145
0.05
0.1975
0.0975
0.0225
0.135
0.3
0.3575
0.3
0.4375
0.21
0.1625
0.1925
0.15
0.15
0.04
0.2
0.084
0.275
0.16
0.16
0.14
0.275
0.25
0.35
0.19
0.17
0.08
0.375
0.2655
0.15
0.175
0.075
0.225
0.8125
0.0425
0.225
0.18
0.195
0.0725
0.27
0.145
0.15
0.2825
0.2205
0.09
0.1
0.0425
0.03375
0.35
0.1375
0.3
0.125
0.3
0.1
0.2125
0.21
0.1605
0.175
0.245
0.34
0.149
0.225
0.125
0.5375
0.25
0.3405
0.325
0.04
0.145
0.11
0.1149995
0.075
0.25
0.0875
0.36
0.05
0.125
0.405
0.0825
0.2049995
0.215
0.15
0.175
0.2
0.21
0.215
0.2865
0.105
0.3
0.075
0.275
0.16
0.04
0.4
0.25
0.1149995
0.315
0.095
0.225
0.0475
0.0505
0.25
0.5099995
0.122
0.125
0.33
0.135
0.14
0.525
0.2625
0.425
0.5825
0.1725
0.0475
0.1175
0.175
0.19
0.2
0.11
0.135
0.1375
0.0625
0.18
0.275
0.1635
0.2125
0.31
0.065
0.06
0.2
0.0925
0.1024995
0.3125
0.3
0.075
0.1149995
0.288
0.1325
0.21
0.375
0.0825
0.145
0.08
0.3475
0.1155
0.525
0.2
0.25
0.075
0.2
0.06
0.15
0.175
0.29
0.1
0.375
0.1855
0.16
0.1024995
0.055
0.075
0.3125
0.65
0.45
0.09
0.45
0.0825
0.135
0.375
0.375
0.02
0.095
0.1975
0.4
0.1575
0.8
0.2049995
0.17
0.135
0.14
0.065
0.13
0.355
0.1024995
0.15
0.09
0.35
0.16
0.185
0.17
0.375
0.3
0.275
0.3
0.275
0.375
0.225
0.2
0.26
0.0995
0.075
0.27
0.125
0.1
0.065
0.045
0.225
0.14
0.14
0.06
0.145
0.5
0.2075
0.2075
0.12
0.125
0.0875
0.11
0.3375
0.2675
0.3375
0.4
0.2125
0.075
0.045
0.425
0.165
0.425
0.1525
0.455
0.55
0.3375
0.075
0.275
0.175
0.15
0.8725
0.3055
0.2
0.35
0.15
0.0325
0.1
0.325
0.325
0.175
0.0375
0.12
0.12
0.09
0.45
0.2125
0.0475
0.4055
0.55
0.3
0.275
0.3575
0.05
0.25
0.175
0.05
0.1625
0.11
0.0275
0.165
0.475
0.15
0.085
0.425
0.45
0.6625
0.175
0.3
0.375
0.225
0.1625
0.45
0.3
0.55
0.26
0.4425
0.475
0.1149995
0.2049995
0.15
0.0875
0.054
0.2125
0.136
0.155
0.5625
0.225
0.2
0.38
0.06
0.3785
0.125
0.4
0.69
0.35
0.225
0.325
0.475
0.145
0.1075
0.125
0.375
0.125
0.475
0.3965
0.375
0.3625
0.24
0.3975
0.3125
0.3125
0.22
0.7
0.725
0.9625
0.95
0.4224995
0.325
0.375
0.305
0.575
0.9125
0.445
0.1925
0.2
0.275
0.135
0.1
0.155
0.35
0.24
0.045
0.04
0.175
0.175
0.385
0.175
0.3
0.375
0.17
0.15
0.1024995
0.1274995
0.325
0.14
0.05
0.2875
0.39
0.2335
0.525
0.1125
0.045
0.175
0.1149995
0.275
0.425
0.185
0.125
0.0475
0.09
0.325
0.265
0.305
0.1325
0.28
0.215
0.3555
0.2555
0.1625
0.2174995
0.105
0.08
0.325
0.16
0.04
0.55
0.3
0.17
0.375
0.05
0.1975
0.1
0.225
0.09
0.095
0.155
0.1755
0.095
0.1125
0.065
0.5
0.0275
0.083
0.1
0.07
0.185
0.36
0.25
0.285
0.105
0.06
0.0475
0.098
0.075
0.2975
0.4165
0.14
0.09
0.1125
0.7
0.17
0.275
0.2
0.045
0.325
0.365
0.0625
0.0405
0.085
0.0405
0.0275
0.44
0.1
0.24
0.24
0.35
0.425
0.15
0.325
0.11
0.225
0.2
0.515
0.095
0.07
0.4
0.1149995
0.15
0.1875
0.07
0.03
0.21
0.15
0.075
0.3
0.1024995
0.3125
0.14
0.2675
0.2
0.305
0.2549995
0.2605
0.2555
0.2255
0.225
0.1875
0.1525
0.1575
0.125
0.1
0.2
0.2549995
0.1875
0.075
0.0375
0.2325
0.35
0.475
0.305
0.1175
0.165
0.2925
0.25
0.18
0.3245
0.1
0.2
0.125
0.6
0.125
0.4099995
0.4
0.2145
0.075
0.085
0.18
0.285
0.175
0.35
0.1875
0.225
0.1625
0.13
0.065
0.075
0.1375
0.2275
0.285
0.165
0.225
0.125
0.0825
0.4
0.34
0.2625
0.4125
0.375
0.475
0.475
0.3375
0.245
0.3875
0.175
0.2375
0.475
0.175
0.2
0.0375
0.425
0.0875
0.285
0.2625
0.135
0.2174995
0.2475
0.2875
0.3
0.35
0.28
0.2049995
0.2475
0.235
0.175
0.78
0.24
0.135
0.33
0.245
0.4
0.175
0.085
0.0625
0.2
0.125
0.095
0.0625
0.975
0.65
0.1675
0.0574995
0.1149995
0.3655
0.1975
0.25
0.11
0.12
0.1075
0.2
0.0955
0.125
0.105
0.15
0.35
0.25
0.06
0.425
0.385
0.1225
0.125
0.3255
0.24
0.235
0.25
0.5375
0.345
0.24
0.225
0.2225
0.35
0.28
0.2375
0.2325
0.26
0.35
0.2015
0.1149995
0.2625
0.28
0.415
0.125
0.225
0.3725
0.072
0.15
0.026
0.15
0.13
0.2375
0.151
0.0225
0.3875
0.35
0.265
0.4349995
0.0775
0.275
0.3
0.215
0.123
0.2825
0.425
0.08
0.1625
0.225
0.155
0.125
0.21
0.165
0.2025
0.2
0.2049995
0.25
0.295
0.0675
0.035
0.0225
0.325
0.2
0.175
0.275
0.175
0.2299995
0.0925
0.275
0.45
0.45
0.275
0.3125
0.155
0.25
0.305
0.075
0.24
0.325
0.145
0.15
0.135
0.2
0.14
0.125
0.35
0.155
0.325
0.3
0.075
0.0675
0.325
0.275
0.325
0.225
0.325
0.215
0.5715
0.35
0.2549995
0.2625
0.2575
0.315
0.15
0.125
0.045
0.375
0.0675
0.1375
0.37
0.5
0.5
0.275
0.3
0.3375
0.475
0.425
0.275
0.4625
0.3125
0.1
0.3175
0.2125
0.11
0.295
0.3875
0.175
0.2875
0.1
0.7875
0.3
0.36
0.079
0.7875
0.29
0.21
0.6
0.175
0.325
0.2
0.35
0.26
0.225
0.425
0.175
0.225
0.0825
0.08
0.15
0.275
0.1425
0.45
0.09
0.11
0.06
0.11
0.21
0.08
0.125
0.1925
0.159
0.24
0.165
0.076
0.125
0.124
0.15
0.325
0.2225
0.225
0.3
0.2475
0.11
0.075
0.1
0.7325
0.125
0.155
0.3
0.28
0.25
0.135
0.21
0.2174995
0.2
0.235
0.24
0.0525
0.1625
0.3375
0.625
0.3
0.4099995
0.325
0.0525
0.1
0.1
0.11
0.25
0.0875
0.225
0.135
0.055
0.24
0.325
0.24
0.35
0.325
0.65
0.675
0.85
0.54
0.085
0.305
0.175
0.13
0.35
0.339
0.4
0.2
0.15
0.26
0.425
0.73
0.415
0.215
0.425
0.325
0.06
0.365
0.2625
0.3
0.25
0.075
0.2049995
0.3125
0.145
0.25
0.2375
0.095
0.375
0.2475
0.1605
0.2925
0.1125
0.25
0.175
0.378
0.12
0.04
0.625
0.16
0.2549995
0.325
0.105
0.055
0.3325
0.2775
0.28
0.1875
0.3025
0.36
0.4
0.6625
0.3125
0.175
0.3
0.15
0.1885
0.225
0.08
0.2625
0.275
0.135
0.285
0.1125
0.295
0.8375
0.4
0.225
0.15
0.3225
0.1
0.35
0.0225
0.2299995
0.1625
0.175
0.22
0.16
0.0845
0.175
0.155
0.21
0.3425
0.235
0.19
0.335
0.3745
0.4495
0.145
0.175
0.25
0.2
0.13
0.11
0.095
0.2
0.085
0.325
0.03
0.15
0.0625
0.25
0.085
0.155
0.065
0.2325
0.4
0.25
0.1625
0.1
0.225
0.1149995
0.17
0.275
0.4875
0.1125
0.14
0.1295
0.208
0.125
0.105
0.145
0.11
0.123
0.13
0.525
0.275
0.225
0.3865
0.225
0.2049995
0.0225
0.3
0.125
0.035
0.215
0.3375
0.285
0.425
0.32
0.125
0.625
0.4445
0.375
0.16
0.5
0.055
0.125
0.3
0.0825
0.059
0.35
0.2925
0.06
0.075
0.075
0.085
0.125
0.05
0.2995
0.125
0.285
0.22
0.15
0.15
0.25
0.128
0.2049995
0.944
0.125
0.14
0.15
0.45
0.095
0.4
0.225
0.2
0.075
0.1
0.3
0.0875
0.0495
0.1075
0.26
0.1425
0.33
0.2575
0.1475
0.35
0.55
0.225
0.35
0.07
0.125
0.105
0.21
0.065
0.16
0.1
0.155
0.1
0.175
0.222
0.1125
0.3
0.13
0.1875
0.075
0.055
0.1125
0.43
0.325
0.325
0.355
0.215
0.11
0.075
0.33
0.07
0.55
0.3125
0.099
0.065
0.27
0.275
0.2375
0.9
0.455
0.2424995
0.975
0.475
0.1825
0.45
0.4599995
0.95
0.5375
0.3
0.4195
0.3175
0.275
0.325
0.175
0.1325
0.165
0.1975
0.35
0.15
0.325
0.3125
0.2125
0.0275
0.125
0.2299995
0.475
0.2424995
0.0805
0.25
0.175
0.275
0.425
0.12
0.475
0.2115
0.045
0.175
0.085
0.225
0.075
0.2555
0.425
0.21
0.09
0.2
0.075
0.25
0.8449995
0.1024995
0.2299995
0.3
0.2925
0.2755
0.2625
0.08
0.4125
0.3
0.0325
0.275
0.325
0.375
0.19
0.2
0.025
0.375
0.075
0.13
0.2055
0.65
0.1755
0.65
0.225
0.275
0.375
0.4
0.175
0.1
0.075
0.4
0.175
0.125
0.1975
0.225
0.25
0.1
0.6
0.2
0.325
0.275
0.55
0.1274995
0.09
0.08
0.1125
0.135
0.155
0.1125
0.15
0.125
0.275
0.15
0.45
0.765
0.295
0.085
0.2375
0.35
0.22
0.195
0.3625
0.1625
0.085
0.1075
0.175
0.04
0.0975
0.1675
0.2375
0.2424995
0.325
0.925
0.35
0.45
0.175
0.1425
0.925
0.375
0.825
0.3
0.2825
0.043
0.1645
0.325
0.411
0.1725
0.165
0.15
0.1
0.045
0.1
0.125
0.4875
0.45
0.305
0.31
0.2
0.25
0.1
0.18
0.126
0.14
0.2549995
0.525
0.1
0.03
0.26
0.125
0.3625
0.2925
0.215
0.1175
0.175
0.0655
0.225
0.375
0.0625
0.25
0.19
0.064
0.125
0.345
0.325
0.28
0.2
0.1
0.475
0.15
0.1575
0.11
0.065
0.2975
0.055
0.34
0.14
0.265
0.305
0.25
0.25
0.125
0.1625
0.275
0.36
0.475
0.175
0.25
0.19
0.19
0.45
0.1475
0.32
0.395
0.3125
0.302
0.1575
0.475
0.2
0.35
0.35
0.13
0.1
0.29
0.165
0.2
0.675
0.125
0.3625
0.15
0.5875
0.2
0.07
0.1149995
0.055
0.075
0.1325
0.15
0.14
0.065
0.175
0.1
0.275
0.2
0.085
0.3
0.065
0.05
0.155
0.1
0.325
0.2549995
0.1149995
0.2049995
0.065
0.0475
0.1125
0.3875
0.21
0.24
0.13
0.3
0.07
0.065
0.0975
0.105
0.065
0.0705
0.14
0.175
0.2875
0.275
0.06
0.16
0.125
0.15
0.125
0.375
0.0755
0.15
0.2885
0.1149995
0.25
0.42
0.45
0.325
0.125
0.275
0.125
0.175
0.0925
0.1149995
0.5
0.075
0.3
0.135
0.03
0.2625
0.0415
0.15
0.175
0.15
0.125
0.35
0.125
0.175
0.04
0.425
0.045
0.3
0.0675
0.075
0.12
0.1075
0.025
0.155
0.11
0.0975
0.175
0.18
0.245
0.0975
0.0625
0.2299995
0.1375
0.34
0.3
0.36
0.178
0.1125
0.3625
0.15
0.2
0.275
0.06
0.2049995
0.055
0.225
0.2575
0.4625
0.43
0.1125
0.25
0.3
0.0975
0.1325
0.325
0.2075
0.3
0.17
0.175
0.1325
0.3125
0.1225
0.1975
0.4775
0.2625
0.275
0.25
0.4125
0.125
0.3
0.6625
0.385
0.2075
0.4125
0.265
0.2125
0.155
0.195
0.35
0.1
0.525
0.29
0.1
0.1225
0.105
0.025
0.35
0.33
0.315
0.475
0.37
0.285
0.225
0.195
0.09
0.065
0.135
0.03
0.085
0.4894995
0.245
0.195
0.085
0.0225
0.32
0.25
0.045
0.24
0.315
0.125
0.165
0.09
0.275
0.475
0.215
0.174
0.098
0.075
0.075
0.625
0.3
0.11
0.055
0.0875
0.08
0.0325
0.03
0.06
0.5
0.11
0.0574995
0.425
0.375
0.1325
0.225
0.5625
0.135
0.065
0.33
0.12
0.1375
0.375
0.0325
0.425
0.15
0.2775
0.4125
0.075
0.0925
0.08
0.25
0.1875
0.45
0.2299995
0.24
0.16
0.185
0.0375
0.2
0.2125
0.1625
0.3
0.06
0.1
0.05
0.175
0.0425
0.1995
0.29
0.145
0.19
0.1
0.195
0.25
0.26
0.325
0.19
0.1375
0.26
0.305
0.0425
0.245
0.1149995
0.2055
0.181
0.275
0.2299995
0.095
0.179
0.139
0.16
0.29
0.65
0.4125
0.085
0.85
0.525
0.105
0.625
0.16
0.2
0.16
0.085
0.0775
0.31
0.275
0.3
0.3245
0.3125
0.0625
0.1525
0.1425
0.3
0.213
0.09
0.2
0.06
0.15
0.095
0.19
0.37
0.13
0.16
0.1055
0.19
0.08
0.635
0.15
0.2025
0.425
0.34
0.2134995
0.2625
0.5099995
0.1225
0.4349995
0.08
0.35
0.15
0.0875
0.48
0.2625
0.1725
0.195
0.1375
0.155
0.25
0.1
0.325
0.5155
0.165
0.1995
0.125
0.1875
0.1875
0.2225
0.0275
0.3055
0.2299995
0.1375
0.0925
0.195
0.036
0.25
0.1
0.7875
0.2555
0.075
0.75
0.0925
0.275
0.1625
0.2625
0.525
0.15
0.06
0.085
0.16
0.175
0.25
0.0675
0.17
0.165
0.175
0.2
0.1625
0.5
0.175
0.275
0.4625
0.2549995
0.125
0.25
0.525
0.2075
0.095
0.34
0.095
0.2395
0.135
0.085
0.382
0.155
0.31
0.14
0.75
0.225
0.1425
0.55
0.175
0.3
0.285
0.1625
0.4875
0.24
0.0925
0.525
0.38
0.285
0.3875
0.375
0.07
0.11
0.092
0.22
0.325
0.33
0.19
0.2075
0.1125
0.3
0.31
0.375
0.2
0.055
0.0595
0.3
0.1
0.14
0.1875
0.175
0.31
0.285
0.145
0.3555
0.185
0.275
0.1625
0.335
0.1925
0.0574995
0.1
0.43
0.3
0.1325
0.0775
0.45
0.325
0.035
0.09
0.1
0.15
0.325
0.2
0.155
0.035
0.3375
0.175
0.12
0.0925
0.0675
0.25
0.15
0.164
0.2875
0.35
0.0525
0.03
0.0564995
0.1149995
0.1625
0.325
0.0425
0.285
0.2625
0.175
0.125
0.15
0.6625
0.325
0.26
0.25
0.11
0.325
0.4099995
0.3225
0.39
0.1075
0.3
0.0574995
0.0375
0.06
0.125
0.1
0.28
0.2875
0.31
0.2625
0.3175
0.275
0.0725
0.065
0.4125
0.825
0.4375
0.325
1.0
0.123
0.725
0.425
0.28
0.2875
0.235
0.1105
0.35
0.975
0.4375
0.425
0.275
0.24
0.525
0.3155
0.0825
0.16
0.18
0.0875
0.3625
0.14
0.1625
0.25
0.4125
0.175
0.235
0.0625
0.07
0.2424995
0.154
0.285
0.45
0.9
0.34
0.35
0.14
0.0625
0.2
0.425
0.2375
0.075
0.55
0.1425
0.325
0.1375
0.03
0.1149995
0.15
0.47
0.3
0.4
0.29
0.225
0.145
0.265
0.48
0.145
0.08
0.2
0.35
0.1805
0.195
0.1
0.25
0.34
0.1175
0.85
0.6
0.315
0.32
0.1775
0.28
0.29
0.0925
0.33
0.11
0.075
0.2549995
0.2575
0.625
0.175
0.1875
0.475
0.3075
0.1375
0.2
0.465
0.155
0.835
0.178
0.25
0.2049995
0.49
0.075
0.375
0.25
0.1775
0.1
0.185
0.225
0.243
0.121
0.29
0.25
0.355
0.11
0.327
0.4175
0.125
0.3
0.2299995
0.1375
0.204
0.6
0.1875
0.04725
0.15
0.175
0.4875
0.3
0.35
0.32
0.555
0.285
0.2259995
0.12
0.175
0.18
0.125
0.275
0.09
0.2125
0.2049995
0.2194995
0.1125
0.29
0.1
0.125
0.085
0.15
0.08
0.2049995
0.175
0.155
0.0675
0.11
0.285
0.25
0.4375
0.105
0.105
0.1
0.0875
0.35
0.275
0.105
0.0875
0.09
0.059
0.085
0.06
0.35
0.04
0.2125
0.3125
0.32
0.09
0.0775
0.0425
0.125
0.5
0.175
0.37
0.15
0.275
0.355
0.35
0.275
0.1875
0.3
0.19
0.0225
0.225
0.325
0.1
0.175
0.4559995
0.325
0.175
0.095
0.6
0.1525
0.425
0.175
0.09
0.1
0.1149995
0.0675
0.2125
0.675
0.24
0.2275
0.16
0.3465
0.415
0.55
0.1625
0.1075
0.28
0.2
0.3625
0.1625
0.1149995
0.2
0.2245
0.2275
0.875
0.695
0.575
0.325
0.475
0.349
0.4875
0.2225
0.2695
0.275
0.275
0.165
0.11
0.2075
0.075
0.075
0.12
0.085
0.275
0.25
0.09
0.18
0.2
0.06
0.3825
0.4599995
0.365
0.16
0.2275
0.175
0.2549995
0.0875
0.1625
0.15
0.25
0.281
0.2424995
0.14
0.2855
0.2
0.1475
0.125
0.305
0.0875
0.1024995
0.375
0.2945
0.1125
0.2225
0.2225
0.225
0.1
0.4125
0.2995
0.245
0.25
0.55
0.3375
0.675
0.285
0.2275
0.0825
0.4625
0.1075
0.235
0.235
0.325
0.45
0.095
0.3575
0.1139995
0.1
0.2
0.3625
0.15
0.5755
0.1125
0.315
0.1755
0.0995
0.425
0.0525
0.15
0.215
0.27
0.0875
0.575
0.175
0.345
0.2675
0.365
0.325
0.26
0.18
0.125
0.2875
0.085
0.3555
0.125
0.3375
0.1625
0.125
0.37
0.875
0.4
0.9125
0.2125
0.455
0.1625
0.25
0.15
0.135
0.08
0.105
0.425
0.44
0.075
0.3875
0.08
0.11
0.335
0.39
0.2575
0.4
0.425
0.1
0.07
0.4
0.125
0.4
0.3
0.125
0.25
0.375
0.325
0.475
0.29
0.32
0.4
0.1735
0.5
0.15
0.2465
0.185
0.125
0.15
0.225
0.0925
0.6125
0.5
0.55
0.18
0.1425
0.175
0.065
0.25
0.3425
0.1995
0.2625
0.3825
0.225
0.195
0.47
0.325
0.16
0.0725
0.335
0.175
0.1425
0.15
0.15
0.405
0.045
0.05
0.045
0.2299995
0.2625
0.125
0.15
0.065
0.0995
0.2725
0.285
0.075
0.0574995
0.225
0.3
0.305
0.345
0.395
0.1274995
0.25
0.17
0.1225
0.17
0.1105
0.135
0.2275
0.15
0.24
0.5
0.925
0.5
0.1225
0.3125
0.28
0.7375
0.2125
0.275
0.7375
0.375
0.285
0.2925
0.3
0.075
0.155
0.25
0.1
0.45
0.0375
0.2
0.325
0.24
0.07
0.275
0.19
0.315
0.125
0.06
0.1435
0.275
0.475
0.815
0.2505
0.275
0.15
0.15
0.275
0.35
0.0905
0.1825
0.2
0.105
0.25
0.275
0.2549995
0.2299995
0.155
0.0525
0.215
0.18
0.2
0.29
0.07
0.105
0.275
0.06
0.2
0.5175
0.3125
0.1
0.158
0.4065
0.7875
0.45
0.325
0.2299995
0.2825
0.075
0.24
0.035
0.595
0.45
0.3
0.55
0.06
0.1149995
0.285
0.2875
0.14
0.29
0.4375
0.25
0.35
0.194
0.1125
0.045
0.3
0.1175
0.175
0.1175
0.095
0.1625
0.275
0.15
0.275
0.36
0.155
0.075
0.13
0.0275
0.225
0.0995
0.5
0.12
0.175
0.265
0.075
0.3125
0.105
0.35
0.078
0.35
0.097
0.06
0.2075
0.225
0.1625
0.1325
0.05
0.2
0.1725
0.425
0.31
0.35
0.1
0.33
0.85
0.045
0.525
0.08
0.075
0.1
0.1825
0.07
0.18
0.1
0.125
0.1149995
0.16
0.6
0.37
0.285
0.245
0.125
0.215
0.1125
0.22
0.4
0.225
0.21
0.25
0.175
0.14
0.2125
0.1475
0.27
0.377
0.325
0.275
0.275
0.3375
0.35
0.3975
0.2575
0.225
0.0775
0.125
0.225
0.0277995
0.21
0.375
0.225
0.0875
0.325
0.525
0.1875
0.55
0.775
0.31
0.7555
0.0675
0.825
0.16
0.2
0.45
0.155
0.2975
0.175
0.1375
0.21
0.125
0.2625
0.125
0.215
0.315
0.275
0.315
0.425
0.2275
0.2225
0.185
0.25
0.07
0.275
0.15
0.075
0.1149995
0.44
0.45
0.36
0.275
0.36
0.2675
0.16
0.25
0.2625
0.11
0.175
0.265
0.1075
0.1675
0.16
0.0675
0.0875
0.4
0.039
0.2825
0.2875
0.085
0.1254995
0.475
0.325
0.275
0.325
0.4
0.1254995
0.085
0.125
0.156
0.125
0.1
0.335
0.135
0.18
0.315
0.2
0.355
0.5
0.325
0.1085
0.275
0.14
0.175
0.575
0.21
0.145
0.09
0.08
0.033
0.1845
0.15
0.175
0.11
0.08
0.1105
0.2
0.125
0.195
0.095
0.15
0.375
0.325
0.3175
0.26
0.75
0.2075
0.35
0.2424995
0.06
0.11
0.16
0.1875
0.22
0.275
0.32
0.21
0.165
0.4
0.12
0.18
0.375
0.285
0.225
0.135
0.2299995
0.12
0.16
0.0745
0.75
0.09
0.0925
0.0325
0.065
0.165
0.095
0.2505
0.3
0.285
0.225
0.1425
0.245
0.25
0.1375
0.22
0.4125
0.2055
0.235
0.2225
0.376
0.325
0.225
0.175
0.2555
0.35
0.275
0.071
0.3625
0.315
0.24
0.165
0.25
0.15
0.2
0.16
0.09
0.265
0.3
0.39
0.35
0.0875
0.3675
0.1625
0.1125
0.175
0.055
0.0425
0.1125
0.0555
0.075
0.15
0.315
0.103
0.035
0.2835
0.07
0.2
0.425
0.285
0.3495
0.1775
0.345
0.09
0.1
0.2875
0.2075
0.175
0.175
0.316
0.1625
0.2555
0.15
0.035
0.09
0.365
0.225
0.275
0.21
0.2549995
0.4525
0.07
0.15
0.15
0.1125
0.43
0.2
0.095
0.175
0.0375
0.43
0.125
0.35
0.1995
0.16
0.55
0.375
0.375
0.265
0.375
0.225
0.2299995
0.1175
0.09
0.07
0.31
0.095
0.19
0.5725
0.27
0.4
0.075
0.0275
0.4599995
0.0675
0.17
0.2625
0.2055
0.075
0.2875
0.2975
0.2625
0.1675
0.15
0.2075
0.4625
0.375
0.575
0.13
0.1735
0.0975
0.16
0.295
0.325
0.2549995
0.175
0.3745
0.075
0.029
0.1
0.12
0.2575
0.0725
0.225
0.0895
0.11
0.425
0.135
0.1675
0.2299995
0.355
0.165
0.7575
0.375
0.08
0.1075
0.03
0.24
0.07
0.1
0.2
0.09
0.275
0.275
0.275
0.135
0.1575
0.4375
0.2
0.27
0.175
0.18
0.15
0.175
0.325
0.175
0.35
0.2075
0.2625
0.275
0.2975
1.0
0.2
0.25
0.17
0.24
0.375
0.05
0.2125
0.1425
0.3125
0.085
0.2299995
0.225
0.325
0.3
0.089
0.15
0.075
0.295
0.155
0.2
0.26
0.15
0.5
0.0325
0.2549995
0.1105
0.195
0.175
0.0975
0.875
0.3
0.3075
0.175
0.07
0.325
0.55
0.1425
0.095
0.175
0.2
0.2174995
0.225
0.0225
0.225
0.29
0.45
0.07
0.2625
0.0574995
0.1995
0.1375
0.17
0.111
0.425
0.035
0.215
0.215
0.25
0.25
0.1149995
0.3
0.25
0.1575
0.1325
0.175
0.1
0.0574995
0.2125
0.45
0.275
0.45
0.0825
0.425
0.425
0.275
0.25
0.08
0.335
0.215
0.1875
0.25
0.675
0.3
0.6
0.275
0.6125
0.265
0.075
0.2375
0.1875
0.2125
0.4
0.02
0.2549995
0.1935
0.0475
0.17
0.5
0.08
0.1825
0.15
0.13
0.43
0.0574995
0.05
0.2825
0.225
0.3125
0.165
0.65
0.0325
0.24
0.2
0.25
0.16
0.375
0.31
0.15
0.7025
0.141
0.35
0.35
0.3
0.145
0.215
0.2875
0.09
0.1149995
0.4
0.03
0.075
0.05
0.425
0.11
0.125
0.0625
0.2
0.5
0.3
0.125
0.06
0.195
0.229
0.475
0.325
0.2
0.2
0.05
0.175
0.225
0.175
0.125
0.225
0.0785
0.75
0.1254995
0.175
0.15
0.4099995
0.2049995
0.1375
0.2485
0.25
0.085
0.4875
0.31
0.6135
0.475
0.85
0.2725
0.2
0.281
0.048
0.295
0.175
0.2424995
0.12
0.25
0.15
0.375
0.287
0.1
0.55
0.175
0.035
0.06
0.35
0.25
0.185
0.3
0.05
0.2049995
0.3
0.275
0.475
0.3225
0.375
0.325
0.4
0.175
0.35
0.1675
0.135
0.06
0.0625
0.075
0.155
0.3125
0.3
0.09
0.35
0.0605
0.175
0.4349995
0.04
0.06
0.185
0.375
0.2424995
0.1525
0.375
0.175
0.2
0.285
0.09
0.034
0.14
0.35
0.925
0.3425
0.2825
0.8
0.1975
0.2125
0.675
0.975
0.2675
0.25
0.35
0.55
0.45
0.2125
0.8
0.1625
0.57
0.49
0.96
0.404
0.275
0.1075
0.256
0.1075
0.25
0.35
0.2625
0.275
0.375
0.1975
0.3375
0.07
0.215
0.15
0.1775
0.0625
0.405
0.3355
0.1475
0.425
0.2049995
0.3
0.3
0.275
0.325
0.3275
0.065
0.2
0.0775
0.125
0.25
0.2825
0.45
0.325
0.3
0.4
0.2875
0.275
0.095
0.375
0.3125
0.15
0.425
0.065
0.2
0.45
0.1254995
0.125
0.05
0.225
0.2875
0.2
0.24
0.245
0.075
0.3
0.25
0.2125
0.054
0.515
0.18
0.145
0.035
0.16
0.3775
0.1075
0.095
0.6825
0.3375
0.2194995
0.275
0.2049995
0.175
0.0675
0.745
0.26
0.04025
0.1875
0.0945
0.275
0.13
0.5
0.15
0.175
0.446
0.1425
0.15
0.31
0.375
0.135
0.15
0.11
0.13
0.3
0.15
0.15
0.2
0.275
0.6
0.25
0.0465
0.25
0.335
0.375
0.185
0.2125
0.185
0.1149995
0.425
0.375
0.1175
0.35
0.24
0.2375
0.305
0.325
0.4
0.26
0.08
0.5
0.35
0.07
0.3625
0.84
0.275
0.12
0.3335
0.275
0.2
0.2995
0.3625
0.2625
0.1024995
0.095
0.155
0.19
0.102
0.175
0.175
0.0875
0.17
0.475
0.4474995
0.175
0.05
0.05
0.4
0.2625
0.25
0.021
0.095
0.347
0.4309995
0.325
0.155
0.18
0.12
0.25
0.2375
0.05
0.1
0.215
0.1225
0.225
0.4
0.38
0.208
0.0975
0.1625
0.0725
0.3375
0.17
0.13
0.15
0.0375
0.175
0.085
0.3
0.4
0.425
0.49
0.45
0.155
0.3
0.135
0.2549995
0.1125
0.14
0.245
0.22
0.25
0.2384995
0.295
0.25
0.3
0.375
0.3475
0.345
0.2049995
0.825
0.2625
0.27
0.5
0.3625
0.4875
0.1775
0.2
0.1325
0.325
0.36
0.425
0.145
0.6
0.3
0.15
0.12
0.35
0.235
0.4
0.225
0.045
0.225
0.7325
0.4625
0.6925
1.0
0.04
0.15
0.18
0.16
0.0495
0.31
0.05
0.105
0.393
0.5
0.06
0.375
0.275
0.445
0.275
0.2
0.145
0.15
0.25
0.125
0.11
0.325
0.4375
0.3925
0.4099995
0.9625
0.4425
0.34
0.1925
0.445
0.6375
0.5125
0.3375
0.35
0.39
0.525
0.2
0.2
0.0425
0.65
0.4099995
0.13
0.2424995
0.325
0.8744995
0.4625
0.405
0.455
0.15
0.06
0.245
0.2125
0.0775
0.245
0.066
0.375
0.1125
0.12
0.04
0.02
0.55
0.19
0.15
0.12
0.1625
0.2
0.4
0.475
0.15
0.265
0.175
0.084
0.12
0.055
0.425
0.475
0.1
0.33
0.21
0.075
0.0875
0.375
0.2125
0.395
0.415
0.325
0.39
0.09
0.4349995
0.315
0.075
0.1575
0.0945
0.29
0.4125
0.325
0.025
0.1
0.0675
0.34
0.335
0.5
0.12
0.2775
0.2275
0.35
0.11
0.08
0.1125
0.07
0.3
0.5
0.0325
0.25
0.575
0.475
0.125
0.2
0.55
0.3
0.2549995
0.1975
0.125
0.453
0.08
0.15
0.03
0.2
0.225
0.2325
0.1625
0.075
0.125
0.0875
0.0875
0.075
0.3985
0.4
0.375
0.2
0.08
0.35
0.08
0.2
0.2255
0.02
0.15
0.2105
0.475
0.18
0.1175
0.925
0.95
0.35
0.825
0.188
0.4375
0.2299995
0.3775
0.525
0.525
0.4
0.3
0.265
0.225
0.1175
0.275
0.1975
0.075
0.061
0.08
0.055
0.18
0.13
0.064
0.3
0.4
0.3375
0.15
0.0625
0.275
0.075
0.4455
0.525
0.375
0.19
0.4
0.1
0.35
0.1149995
0.15
0.335
0.105
0.185
0.3
0.405
0.173
0.0275
0.125
0.06
0.3
0.165
0.2
0.05
0.225
0.4
0.17
0.1125
0.0275
0.45
0.2325
0.2
0.0925
0.07
0.2075
0.266
0.3
0.075
0.2299995
0.4
0.2375
0.155
0.175
0.9
0.32
0.175
0.2875
0.487
0.2225
0.29
0.525
0.075
0.235
0.1725
0.3
0.15
0.08
0.11
0.17
0.069
0.1155
0.4
0.48
0.06
0.135
0.1
0.164
0.216
0.2825
0.195
0.3
0.125
0.0825
0.2105
0.1125
0.175
0.8785
0.3
0.2575
0.04
0.4
0.06
0.2375
0.2
0.15
0.2
0.1175
0.175
0.3125
0.2625
0.275
0.275
0.1
0.175
0.11
0.206
0.063
0.215
0.065
0.175
0.11
0.19
0.1
0.31
0.075
0.225
0.575
0.25
0.123
0.2
0.0325
0.3625
0.368
0.35
0.075
0.09
0.2049995
0.275
0.025
0.04
0.055
0.09
0.5125
0.65
0.28
0.325
0.575
0.24
0.48
0.525
0.155
0.25
0.175
0.1825
0.0825
0.05
0.12
0.4625
0.295
0.2625
0.36
0.425
0.245
0.1625
0.6
0.225
0.15
0.1825
0.25
0.35
0.44
0.35
0.19
0.075
0.1175
0.16
0.275
0.375
0.15
0.29
0.2255
0.425
0.15
0.175
0.15
0.195
0.6
0.275
0.15
0.15
0.175
0.44
0.08
0.125
0.33
0.225
0.2
0.65
0.1149995
0.07
0.25
0.03
0.2
0.2
0.19
0.2
0.135
0.25
0.2375
0.425
0.2375
0.185
0.0935
0.0975
0.0675
0.425
0.25
0.1925
0.0675
0.06
0.1
0.1
0.35
0.145
0.3625
0.1
0.0775
0.5625
0.9494995
0.825
0.14
0.225
0.0675
0.325
0.325
0.375
0.075
0.25
0.2125
0.13
0.2
0.2875
0.0875
0.125
0.2
0.175
0.2424995
0.175
0.7
0.125
0.15
0.325
0.15
0.2375
0.377
0.15
0.0475
0.2375
0.2875
0.175
0.165
0.241
0.3125
0.19
0.155
0.14
0.45
0.125
0.375
0.21
0.335
0.21
0.9
0.45
0.6
0.0925
0.0925
0.7625
0.1075
0.105
0.85
0.265
0.4
0.285
0.175
0.175
0.375
0.075
0.281
0.145
0.3
0.2005
0.1125
0.3685
0.15
0.0425
0.0975
0.3375
0.075
0.145
0.4445
0.2
0.195
0.775
0.3
0.4
0.3
0.3975
0.3675
0.125
0.2
0.1975
0.3
0.36
0.225
0.11
0.2725
0.185
0.225
0.375
0.55
0.3555
0.1425
0.3745
0.275
0.15
0.325
0.2875
0.3155
0.11
0.3
0.195
0.1875
0.17
0.335
0.265
0.175
0.35
0.4625
0.1875
0.2875
0.2125
0.1225
0.27
0.5
0.1455
0.1775
0.1125
0.175
0.1
0.2174995
0.22
0.195
0.025
0.4995
0.1125
0.0425
0.075
0.25
0.11
0.4785
0.525
0.16
0.15
0.135
0.085
0.135
0.085
0.725
0.6
0.417
0.225
0.2875
0.45
0.0745
0.05
0.2
0.125
0.1125
0.15
0.2299995
0.4125
0.075
0.355
0.2125
0.19
0.12
0.575
0.26
0.3375
0.125
0.1
0.19
0.2875
0.15
0.225
0.0225
0.475
0.3725
0.2549995
0.071
0.0925
0.15
0.105
0.13
0.215
0.3
0.2
0.3345
0.2549995
0.308
0.095
0.35
0.125
0.1125
0.235
0.45
0.085
0.07
0.0475
0.14
0.235
0.0645
0.0825
0.3
0.13
0.035
0.2575
0.135
0.1125
0.2299995
0.0579995
0.2375
0.9625
0.0825
0.275
0.4305
0.525
0.375
0.365
0.43
0.47
0.5375
0.3875
0.2055
0.4555
0.27
0.33
0.4375
0.2055
0.3175
0.175
0.4
0.09
0.245
0.09
0.155
0.1375
0.225
0.25
0.1225
0.1375
0.1
0.75
0.1149995
0.14
0.0625
0.3
0.3
0.2055
0.075
0.315
0.6
0.35
0.125
0.2675
0.3
0.0725
0.2
0.3
0.2299995
0.4
0.185
0.4
0.145
0.3355
0.07
0.075
0.3
0.35
0.35
0.07
0.575
0.15
0.15
0.265
0.265
0.105
0.065
0.074
0.2925
0.135
0.1875
0.3625
0.2125
0.45
0.285
0.145
0.1149995
0.15
0.11
0.2049995
0.1775
0.3475
0.16
0.355
0.2049995
0.275
0.1075
0.085
0.175
0.125
0.2165
0.6
0.15
0.035
0.38
0.125
0.0935
0.244
0.0555
0.3
0.285
0.055
0.1149995
0.245
0.15
0.1
0.125
0.375
0.155
0.31
0.2
0.0335
0.24
0.055
0.2375
0.15
0.035
0.45
0.325
0.025
0.275
0.2375
0.2125
0.258
0.075
0.2
0.4
0.0825
0.5
0.22
0.195
0.068
0.2575
0.0875
0.19
0.2675
0.1075
0.035
0.2225
0.1675
0.15
0.15
1.0
0.1475
0.155
0.32
0.175
0.1925
0.2049995
0.65
0.105
0.15
0.225
0.085
0.325
0.0625
0.0725
0.3405
0.3175
0.07
0.375
0.3055
0.055
0.05
0.1125
0.125
0.1925
0.0675
0.0325
0.13
0.215
0.1
0.0625
0.0225
0.04
0.2725
0.525
0.55
0.375
0.2125
0.15
0.6
0.12
0.225
0.25
0.1475
0.05
0.35
0.09
0.1125
0.155
0.3125
0.1375
0.1225
0.08
0.125
0.225
0.0425
0.969
0.275
0.2755
0.2925
0.086
0.18
0.175
0.074
0.165
0.055
0.225
0.13
0.1
0.215
0.275
0.1225
0.16
0.06
0.3075
0.3
0.15
0.2
0.5
0.2625
0.15
0.11
0.425
0.25
0.0295
0.065
0.1875
0.11
0.3125
0.1475
0.25
0.2549995
0.185
0.185
0.15
0.175
0.1975
0.425
0.14
0.3875
0.21
0.155
0.775
0.1875
0.25
0.15
0.0775
0.175
0.475
0.175
0.95
0.2685
0.2925
0.175
0.35
0.4245
0.287
0.2424995
0.18
0.2875
0.275
0.35
0.4125
0.075
0.4255
0.275
0.445
0.1325
0.45
0.105
0.825
0.375
0.2
0.4625
0.1375
0.0875
0.0775
0.1625
0.025
0.3225
0.2985
0.2
0.15
0.2865
0.09
0.035
0.25
0.055
0.225
0.155
0.2
0.195
0.3705
0.165
0.15
0.1075
0.075
0.125
0.09
0.075
0.1375
0.278
0.275
0.75
0.2745
0.315
0.3395
0.5625
0.34
0.525
0.225
0.105
0.235
0.235
0.275
0.1024995
0.475
0.275
0.135
0.14
0.315
0.11
0.16
0.1125
0.19
0.19
0.3
0.31
0.25
0.35
0.275
0.3
0.275
0.2375
0.3075
0.1925
0.25
0.225
0.29
0.275
0.39
0.25
0.135
0.3775
0.155
0.225
0.3055
0.4099995
0.17
0.5
0.6185
0.175
0.3475
0.135
0.395
0.295
0.3175
0.27
0.1325
0.3
0.2049995
0.2625
0.075
0.0275
0.065
0.4625
0.345
0.28
0.475
0.3475
0.225
1.0
0.1149995
0.15
0.1
0.3625
0.1175
0.333
0.0325
0.417
0.215
0.18
0.12
0.105
0.0675
0.35
0.375
0.2125
0.075
0.1125
0.165
0.027
0.187
0.2745
0.195
0.2279995
0.2265
0.2895
0.129
0.214
0.131
0.1945
0.173
0.1695
0.136
0.1845
0.1385
0.2675
0.1325
0.2
0.2299995
0.3335
0.15
0.1149995
0.1
0.075
0.14
0.295
0.071
0.3
0.35
0.1
0.45
0.11
0.325
0.75
0.9
0.125
0.275
0.0625
0.225
0.425
0.2299995
0.2174995
0.06
0.3
0.0675
0.39
0.05
0.325
0.025
0.2125
0.25
0.2299995
0.289
0.275
0.2325
0.445
0.125
0.625
0.3075
0.342
0.34
0.25
0.26
0.3375
0.675
0.675
0.6
0.1325
0.1975
0.1925
0.071
0.08
0.09
0.35
0.2
0.1
0.125
0.2
0.1855
0.285
0.15
0.31
0.4745
0.375
0.175
0.625
0.1175
0.11
0.19
0.08
0.1695
0.1149995
0.2
0.235
0.2875
0.1625
0.025
0.175
0.15
0.27
0.29
0.5
0.2299995
0.3175
0.325
0.2625
0.175
0.16
0.225
0.1135
0.1625
0.1375
0.15
0.2
0.45
0.0825
0.105
0.325
0.13
0.225
0.065
0.445
0.375
1.0
0.135
0.35
0.065
0.325
0.0275
0.2375
0.1625
0.3075
0.195
0.325
0.22
0.2495
0.4
0.3
0.2
0.35
0.4
0.3
0.29
0.175
0.1024995
0.675
0.155
0.35
0.2299995
0.1375
0.195
0.055
0.3325
0.3605
0.195
0.4875
0.3425
0.2975
0.45
0.475
0.285
0.35
0.455
0.3755
0.0675
0.4875
0.4625
0.3625
0.275
0.275
0.375
0.2375
0.1625
0.3625
0.3875
0.3125
0.235
0.825
0.19
0.325
0.1375
0.11
0.1
0.1575
0.045
0.06
0.045
0.75
0.185
0.2975
0.075
0.2
0.155
0.375
0.2605
0.09
0.11
0.02
0.27
0.07
0.1
0.325
0.1149995
0.1525
0.7
0.2325
0.105
0.285
0.325
0.31
0.125
0.5
0.15
0.15
0.405
0.135
0.235
0.2
0.15
0.085
0.2279995
0.325
0.175
0.0625
0.04
0.125
0.1125
0.1075
0.225
0.2549995
0.1225
0.31
0.85
0.295
0.185
0.175
0.29
0.225
0.3
0.225
0.075
0.2
0.0925
0.3125
0.35
0.195
0.3125
0.2
0.19
0.2
0.31
0.095
0.105
0.135
0.0225
0.11
0.275
0.185
0.325
0.275
0.1125
0.02
0.14
0.285
0.145
0.36
0.4
0.1325
0.175
0.245
0.225
0.475
0.1775
0.35
0.2299995
0.175
0.0425
0.145
0.5
0.0425
0.0325
0.0375
0.05
0.085
0.2625
0.1325
0.2299995
0.125
0.1975
0.1875
0.06
0.145
0.2049995
0.1
0.45
0.025
0.225
0.325
0.15
0.2125
0.0275
0.1
0.4875
0.225
0.3
0.275
0.09
0.15
0.175
0.2325
0.1
0.175
0.325
0.075
0.28
0.3125
0.11
0.125
0.2875
0.525
0.1
0.131
0.1495
0.125
0.07
0.18
0.105
0.3
0.105
0.15
0.225
0.275
0.05
0.04
0.1475
0.18
0.105
0.2925
0.28
0.3
0.165
0.495
0.3475
0.15
0.135
0.0925
0.1
0.2299995
0.12
0.285
0.425
0.0775
0.135
0.305
0.5
0.225
0.25
0.35
0.0675
0.215
0.3125
0.14
0.11
0.31
0.15
0.09
0.125
0.24
0.4425
0.275
0.4
0.09
0.19
0.26
0.045
0.02
0.185
0.145
0.1075
0.641
0.305
0.19
0.625
0.2
0.35
0.325
0.0475
0.5735
0.075
0.06
0.09
0.1625
0.275
0.475
0.25
0.3625
0.09
0.325
0.105
0.1
0.1475
0.08
0.225
0.1925
0.175
0.279
0.0825
0.15
0.45
0.415
0.32
0.225
0.4125
0.25
0.1625
0.225
0.3375
0.2075
0.55
0.2549995
0.1
0.25
0.0225
0.135
0.275
0.1175
0.3
0.2625
0.1625
0.21
0.1149995
0.1875
0.375
0.2
0.3
0.055
0.0225
0.361
0.25
0.125
0.475
0.1875
0.39
0.2875
0.2815
0.225
0.04
0.16
0.1875
0.2
0.3
0.1575
0.55
0.175
0.1875
0.525
0.175
0.06
0.4099995
0.2259995
0.25
0.625
0.25
0.245
0.1
0.12
0.3275
0.225
0.155
0.075
0.09
0.075
0.08
0.3
0.19
0.06
0.0675
0.305
0.13
0.25
0.11
0.0605
0.14
0.4599995
0.16
0.07
0.155
0.0325
0.15
0.2875
0.22
0.19
0.07
0.2375
0.1
0.2
0.2125
0.2549995
0.1375
0.325
0.925
0.325
0.18
0.325
1.0
0.3375
0.025
0.2225
0.375
0.2125
0.425
0.2
0.275
0.125
0.103
0.145
0.0225
0.11
0.2575
0.13
0.1575
0.1125
0.21
0.2625
0.335
0.125
0.1149995
0.1149995
0.15
0.0825
0.1475
0.18
0.19
0.15
0.16
0.1625
0.08
0.315
0.1149995
0.22
0.045
0.375
0.165
0.125
0.06
0.05
0.425
0.225
0.12
0.3
0.14
0.2325
0.175
0.1625
0.025
0.055
0.2575
0.375
0.175
0.2444995
0.15
0.325
0.125
0.1
0.1
0.138
0.125
0.0475
0.1
0.225
0.45
0.1
0.1
0.185
0.125
0.145
0.45
0.1625
0.2125
0.1575
0.15
0.1625
0.45
0.475
0.16
0.25
0.145
0.03
0.06
0.425
0.875
0.3
0.31
0.075
0.075
0.0675
0.1
0.365
0.4
0.15
0.095
0.175
0.2549995
0.2
0.4
0.465
0.36
0.1125
0.475
0.265
0.235
0.325
0.27
0.2299995
0.1625
0.12
0.2
0.035
0.125
0.455
0.36
0.295
0.217
0.0725
0.2225
0.0955
0.186
0.0325
0.15
0.0625
0.26
0.095
0.155
0.375
0.375
0.175
0.18
0.1425
0.08
0.1149995
0.0425
0.15
0.3375
0.35
0.2
0.1274995
0.525
0.195
0.225
0.815
0.3625
0.233
0.185
0.2415
0.475
0.76
0.1149995
0.125
0.675
0.11
0.18
0.175
0.25
0.0725
0.15
0.09
0.18
0.1225
0.065
0.035
0.325
0.15
0.2125
0.225
0.225
0.17
0.325
0.08
0.125
0.1125
0.0275
0.021
0.141
0.04
0.25
0.25
0.2
0.275
0.1
0.14
0.29
0.05
0.275
0.075
0.095
0.25
0.32
0.17
0.4055
0.2049995
0.11
0.35
0.475
0.04
0.21
0.4495
0.2299995
0.075
0.175
0.2549995
0.25
0.185
0.12
0.265
0.5
0.8
0.175
0.55
0.11
0.185
0.11
0.2
0.285
0.325
0.84
0.125
0.16
0.22
0.1575
0.1014995
0.0895
0.075
0.22
0.125
0.165
0.125
0.1675
0.5125
0.16
0.275
0.4
0.19
0.2
0.1875
0.55
0.325
0.1805
0.07
0.275
0.335
0.44
0.475
0.15
0.575
0.225
0.1875
0.3
0.35
0.3
0.315
0.295
0.975
0.2705
0.45
0.125
0.265
0.075
0.275
0.325
0.09
0.2925
0.1725
0.175
0.3625
0.125
0.0225
0.2049995
0.1625
0.175
0.09
0.075
0.35
0.3975
0.475
0.4425
0.08
0.15
0.475
0.2745
0.6
0.285
0.4
0.1875
0.15
0.2
0.2174995
0.13
0.225
0.2299995
0.105
0.27
0.355
0.1425
0.495
0.181
0.44
0.35
0.3
0.35
0.2
0.0825
0.175
0.2125
0.09
0.085
0.185
0.4
0.45
0.195
0.2225
0.1375
0.1
0.175
0.275
0.45
0.175
0.2279995
0.0645
0.127
0.285
0.42
0.1175
0.35
0.264
0.75
0.28
0.3
0.051
0.375
0.074
0.325
0.155
0.24
0.16
0.375
0.185
0.16
0.21
0.12
0.11
0.175
0.3375
0.2174995
0.0625
0.2
0.2125
0.1555
0.2549995
0.265
0.105
0.4885
0.22
0.3275
0.1475
0.0325
0.6
0.6255
0.375
0.2375
0.055
0.175
0.225
0.075
0.04
0.215
0.725
0.7225
0.335
1.0
0.22
0.265
0.445
0.3625
0.35
0.045
0.1435
0.69
0.375
0.325
0.12
0.145
0.1149995
0.5
0.1
0.045
0.165
0.1
0.21
0.13
0.295
0.2725
0.105
0.0925
0.0625
0.049
0.05
0.125
0.375
0.08
0.2549995
0.0475
0.2625
0.139
0.025
0.1274995
0.475
0.1149995
0.3
0.165
0.175
0.22
0.11
0.375
0.4
0.0296295
0.375
0.16
0.345
0.31
0.15
0.185
0.385
0.25
0.225
0.0975
0.236
0.125
0.0825
0.2625
0.0725
0.1625
0.33
0.155
0.125
0.165
0.125
0.325
0.1525
0.3
0.14
0.0765
0.35
0.1625
0.0775
0.1175
0.25
0.06
0.3375
0.475
0.5255
0.2925
0.5125
0.225
0.325
0.0975
0.5
0.325
0.095
0.2049995
0.525
0.3255
0.325
0.375
0.3995
0.1775
0.3
0.3425
0.2549995
0.075
0.325
0.3375
0.1595
0.325
0.325
0.0775
0.0875
0.1875
0.215
0.0325
0.075
0.31
0.125
0.1375
0.227
0.3
0.2
0.09
0.375
0.25
0.5
0.37
0.645
0.3875
0.3475
0.365
0.6475
0.58
0.27
0.2174995
0.425
0.26
0.325
0.215
0.18
0.175
0.475
0.345
0.43
0.1855
0.0225
0.0275
0.2475
0.3355
0.3465
0.4014995
0.445
0.2475
0.2725
0.3875
0.395
0.8949995
0.31
0.1875
0.425
0.375
0.3875
0.13
1.0
0.65
0.19
0.24
0.12
0.25
0.21
0.055
0.06
0.35
0.275
0.095
0.3325
0.17
0.165
0.135
0.5224995
0.1395
0.2375
0.375
0.625
0.125
0.2225
0.2
0.175
0.1475
0.3
0.825
0.05
0.345
0.355
0.11
0.35
0.099
0.175
0.105
0.105
0.1875
0.19
0.18
0.4724995
0.31
0.39
0.2225
0.2875
0.4875
0.225
0.2475
0.415
0.4
0.15
0.1
0.24
0.42
0.4
0.375
0.1274995
0.3625
0.9295
0.0725
0.375
0.3275
0.105
0.225
0.29
0.215
0.0775
0.12
0.27
0.125
0.13
0.275
0.275
0.3
0.275
0.125
0.0625
0.1
0.065
0.35
0.25
0.0625
0.345
0.085
0.1375
0.25
0.475
0.4014995
0.235
0.15
0.3
0.1375
0.35
0.4
0.1225
0.155
0.1225
0.225
0.425
0.1625
0.2049995
0.5
0.295
0.6
0.0875
0.15
0.555
0.075
0.1625
0.1625
0.14
0.3825
0.32
0.0325
0.0975
0.1475
0.3125
0.08
0.165
0.09
0.15
0.125
0.175
0.325
0.19
0.18
0.1925
0.295
0.375
0.1274995
0.2495
0.365
0.325
0.11
0.055
0.076
0.2075
0.2375
0.2625
0.1825
0.1875
0.3825
0.385
0.175
0.4375
0.39
0.495
0.4
0.175
0.1625
0.18
0.074
0.335
0.2154995
0.13
0.035
0.15
0.075
0.13
0.35
0.2075
0.13
0.035
0.2575
0.4019995
0.1375
0.467
0.105
0.325
0.275
0.1425
0.35
0.2625
0.125
0.2875
0.27
0.28
0.19
0.12
0.15
0.14
0.175
0.055
0.49
0.4849995
0.1785
0.14
0.215
0.2625
0.25
0.5
0.158
0.175
0.475
0.0225
0.2375
0.3
0.215
0.4825
0.35
0.125
0.34
0.25
0.21
0.145
0.375
0.15
0.125
0.05
0.05
0.275
0.1705
0.3
0.0377635
0.25
0.275
0.2375
0.0325
0.2125
0.2384995
0.075
0.095
0.05
0.2
0.675
0.45
0.4849995
0.2375
0.37
0.2
0.215
0.566
0.176
0.1264995
0.04
0.1565
0.19
0.175
0.3
0.044
0.08
0.145
0.325
0.19
0.09
0.0375
0.066
0.055
0.195
0.275
0.035
0.1375
0.125
0.625
0.75
0.575
0.3275
0.445
0.2625
0.3375
0.3725
0.4175
0.3625
0.31
0.029
0.1335
0.4
0.175
0.2
0.2
0.875
0.275
0.275
0.1875
0.1955
0.2625
0.106
0.1105
0.1325
0.1995
0.0875
0.1825
0.2495
0.0725
0.1
0.6
0.14
0.225
0.075
0.3
0.1375
0.055
0.25
0.35
0.45
0.075
0.1375
0.2275
0.45
0.2275
0.325
0.325
0.3
0.1175
0.4
0.525
0.0225
0.225
0.1955
0.19
0.085
0.313
0.3
0.185
0.15
0.125
0.35
0.3
0.4625
0.35
0.35
0.2174995
0.2
0.3
0.16
0.8449995
0.125
0.325
0.17
0.1
0.4349995
0.3975
0.4349995
0.1
0.4
0.55
0.0574995
0.25
0.35
0.758
0.1
0.225
0.425
0.1795
0.16
0.055
0.1045
0.0845
0.2
0.3
0.175
0.495
0.8
0.7
0.3725
0.25
0.27
0.925
0.3
0.345
0.315
0.25
0.155
0.3
0.02
0.31
0.38
0.6
0.15
0.25
0.06
0.175
0.175
0.275
0.3375
0.7
0.3125
0.61
0.2375
0.275
0.16
0.265
0.15
0.59
0.0229785
0.095
0.365
0.265
0.265
0.6325
0.5125
0.065
0.3675
0.75
0.06
0.235
0.125
0.215
0.275
0.25
0.12
0.085
0.126
0.135
0.05
0.175
0.12
0.31
0.325
0.475
0.33
0.18
0.191
0.135
0.325
0.1
0.208
0.375
0.095
0.03
0.15
0.0325
0.135
0.3
0.6
0.0975
0.05
0.11
0.16
0.12
0.1375
0.1375
0.065
0.225
0.155
0.216
0.0875
0.385
0.0675
0.045
0.15
0.05
0.06
0.375
0.2625
0.3245
0.105
0.263
0.2995
0.25
0.375
0.1625
0.2875
0.1225
0.3125
0.29
0.8449995
0.5875
0.2875
0.3
0.445
0.3
0.0574995
0.07
0.18
0.25
0.2049995
0.2125
0.225
0.2
0.1475
0.28
0.075
0.0574995
0.0450885
0.15
0.055
0.0625
0.15
0.225
0.15
0.235
0.165
0.195
0.023
0.2549995
0.0625
0.39
0.225
0.1
0.13
0.44
0.1535
0.375
0.4
0.225
0.08
0.0675
0.1625
0.7875
0.375
0.2125
0.2125
0.373
0.2125
0.1
0.02
0.17
0.19
0.18
0.06
0.13
0.2375
0.16
0.0675
0.191
