selling_price
0.1875
0.775
0.175
0.19
0.1325
0.18
0.02
0.225
0.285
0.105
0.26
0.55
0.04025
0.25
0.12
0.325
0.0675
0.3075
0.375
0.2
0.195
0.5
0.825
0.155
0.3975
0.3675
0.3
0.2875
0.225
0.31
0.11
0.2435
0.085
0.0925
0.325
0.195
0.222
0.09
0.305
0.075
0.275
0.0415
0.02
0.3125
0.13
0.175
0.1135
0.25
0.1675
0.215
0.14
0.215
0.0825
0.645
0.05
0.11
0.2
0.14
0.11
0.225
0.2424995
0.305
0.07
0.185
0.325
0.33
0.2
0.4
0.44
0.09
0.1125
0.15
0.21
0.155
0.055
0.07
0.105
0.2
0.1
0.3
0.275
0.2625
0.26
0.5
0.1
0.4
0.2125
0.3875
0.075
0.119
0.125
0.18
0.175
0.135
0.95
0.1149995
0.195
0.06
0.241
0.2575
0.155
0.0935
0.65
0.1175
0.45
0.195
0.0625
0.475
0.09
0.1075
0.06
0.4875
0.375
0.225
0.1
0.4099995
0.2125
0.075
0.0555
0.2
0.05
0.2125
0.375
0.1675
0.1375
0.415
0.21
0.145
0.2125
0.2605
0.216
0.06
0.15
0.5099995
0.0875
0.2875
0.1
0.2625
0.1375
0.02
0.5
0.175
0.375
0.275
0.085
0.47
0.3
0.2125
0.345
0.4
0.5
0.15
0.315
0.095
0.445
0.28
0.375
0.36
0.2335
0.35
0.2255
0.15
0.173
0.3
0.45
0.2049995
0.17
0.2375
0.5
0.305
0.3225
0.3725
0.19
0.2384995
0.2625
0.1
0.095
0.125
1.0
0.5625
0.35
0.1995
0.175
0.7
0.28
0.0495
0.3725
0.275
0.1125
0.0375
0.1495
0.136
0.425
0.125
0.225
0.305
0.195
0.175
0.225
0.025
0.2125
0.1075
0.0229785
0.49
0.145
0.2985
0.4
0.2025
0.34
0.31
0.285
0.121
0.275
0.235
0.165
0.3775
0.3625
0.36
0.4
0.2975
0.0325
0.35
0.055
0.025
0.245
0.25
0.1
0.3255
0.1885
0.095
0.3
0.35
0.225
0.2925
0.1875
0.2
0.03375
0.12
0.0325
0.475
0.15
0.175
0.44
0.275
0.4025
0.8
0.135
0.5
0.2125
0.1775
0.875
0.225
0.126
0.35
0.675
0.2049995
0.0275
0.2625
0.3475
0.175
0.2875
0.1
0.9
0.11
0.11
0.275
0.44
0.0775
0.0875
0.185
0.85
0.375
0.2
0.345
0.285
0.285
0.0925
0.1795
0.75
0.45
0.245
0.245
0.1875
0.4055
0.4
0.075
0.1785
0.225
0.225
0.1625
0.325
0.16
0.1
0.1475
0.1225
0.085
0.225
0.1675
0.475
0.09
0.1149995
0.335
0.27
0.1525
0.188
0.1055
0.164
0.0625
0.2725
0.2225
0.12
0.355
0.415
0.215
0.1675
0.14
0.3
0.1254995
0.0325
0.15
0.0725
0.15
0.15
0.15
0.31
0.225
0.0475
0.365
0.5125
0.275
0.2259995
0.2
0.08
0.0574995
0.125
0.175
0.31
0.105
0.21
0.9625
0.25
0.225
0.08
0.415
0.35
0.215
0.475
0.165
0.085
0.1325
0.06
0.175
0.24
0.3
0.1125
0.725
0.22
0.06
0.415
0.125
0.16
0.075
0.2125
0.25
0.3555
0.365
0.24
0.075
0.2075
0.3125
0.339
0.1024995
0.125
0.1375
0.35
0.4125
0.275
0.3375
0.0825
0.15
0.15
0.275
0.6
0.03
0.4
0.08
0.075
0.245
0.265
0.25
0.075
0.09
0.24
0.35
0.3125
0.275
0.26
0.145
0.085
0.35
0.045
0.375
0.275
0.103
0.1
0.1325
0.29
0.125
0.4
0.325
0.17
0.35
0.16
0.3
0.475
0.17
0.315
0.075
0.095
0.085
0.1125
0.15
0.2515
0.25
0.0975
0.195
0.21
0.075
0.36
0.325
0.275
0.05
0.2375
0.05
0.068
0.175
0.075
0.0525
0.475
0.2549995
0.2505
0.425
0.289
0.475
0.175
0.4375
0.2865
0.2
0.3125
0.3
0.075
0.125
0.15
0.95
0.1725
0.055
0.225
0.35
0.105
0.425
0.275
0.42
0.0895
0.3
0.25
0.475
0.25
0.43
0.2
0.55
0.325
0.3
0.55
0.18
0.275
0.1625
0.125
0.2375
0.16
0.2625
0.2
0.25
0.4
0.125
0.0425
0.875
0.145
0.1
0.048
0.45
0.375
0.055
0.2925
0.1149995
0.1149995
0.27
0.35
0.125
0.315
0.063
0.065
0.2299995
0.2
0.25
0.195
0.55
0.14
0.2049995
0.25
0.7225
0.25
0.16
0.155
0.45
0.4625
0.3625
0.0925
0.35
0.225
0.37
0.15
0.1125
0.065
0.3745
0.2375
0.1105
0.245
0.2125
0.175
0.175
0.2049995
0.0275
0.29
0.95
0.0825
0.45
0.2625
0.225
0.5125
0.2555
0.1024995
0.7875
0.27
0.25
0.2275
0.17
0.35
0.1
0.2395
0.14
0.1
0.305
0.4
0.24
0.1149995
0.155
0.12
0.4375
0.05
0.175
0.07
0.15
0.245
0.2265
0.18
0.135
0.175
0.175
0.9
0.1045
0.1
0.2995
0.125
0.36
0.0574995
0.275
0.065
0.0425
0.55
0.425
0.06
0.25
0.0579995
0.3175
0.3745
0.4625
0.2
0.135
0.285
0.225
0.065
0.12
0.039
0.1149995
0.06
0.125
0.1625
0.225
0.33
0.24
0.055
1.0
0.125
0.4445
0.4885
0.375
0.175
0.1
0.04
0.425
0.075
0.2375
0.1
0.1125
0.305
0.475
0.2299995
0.4224995
0.095
0.05
0.175
0.07
0.125
0.1875
0.21
0.365
0.15
0.265
0.1175
0.1125
0.2375
0.9125
0.445
0.325
0.0475
0.225
0.3
0.2
0.215
0.175
0.11
0.275
0.04
0.6
0.1625
0.19
0.4019995
0.1175
0.4
0.155
0.45
0.4
0.2255
0.35
0.18
0.405
0.25
0.1149995
0.3875
0.3625
0.325
0.725
0.1149995
0.24
0.34
0.15
0.275
0.35
0.085
0.11
0.4
0.215
0.16
0.071
0.15
0.24
0.125
0.1575
0.1875
0.1475
0.1675
0.215
0.7875
0.0775
0.075
0.6125
0.425
0.125
0.48
0.07
0.06
0.24
0.4349995
0.2505
0.875
0.164
0.25
0.313
0.285
0.275
0.3
0.18
0.3
0.125
0.0275
0.075
0.575
0.1
0.25
0.1
0.325
0.2875
0.125
0.15
0.2995
0.275
0.35
0.3
0.2424995
0.264
0.105
0.475
0.235
0.0975
0.2
0.1875
0.675
0.2875
0.1875
0.4
0.275
0.155
0.229
0.105
0.2825
0.06
0.43
0.045
0.1875
0.3275
0.1625
0.225
0.129
0.075
0.1625
0.1274995
0.4125
0.4
0.125
0.325
0.566
0.1
0.145
0.0875
0.0574995
0.125
0.095
0.055
1.0
0.36
0.05
0.65
0.4724995
0.2
0.625
0.325
0.84
0.1175
0.12
0.2
0.075
0.1625
0.425
0.26
0.2
0.6125
0.17
0.75
0.425
0.275
0.1
0.0825
0.45
0.05
0.175
0.225
0.22
0.15
0.2424995
0.125
0.2875
0.6925
0.12
0.475
0.1
0.0225
0.55
0.18
0.325
0.3625
0.15
0.3625
0.0925
0.35
0.11
0.095
0.1475
0.135
0.3
0.125
0.34
0.0975
0.4
0.29
0.335
0.185
0.1475
0.1274995
0.16
0.425
0.215
0.215
0.25
0.2825
0.25
0.1625
0.335
0.4349995
0.3
0.225
0.19
0.0975
0.0405
0.27
0.06
0.9625
0.3
0.145
0.0875
0.1175
0.285
0.325
0.24
0.3125
0.425
0.75
0.75
0.6375
0.5
0.8744995
0.065
0.245
0.275
0.1955
0.135
0.18
0.1875
0.0625
0.0925
0.25
0.1375
0.0675
0.1149995
0.35
0.25
0.14
0.1175
0.14
0.025
0.275
0.375
0.1755
0.495
0.35
0.275
0.13
0.1725
0.055
0.4375
0.135
0.4
0.26
0.035
0.31
0.2
0.075
0.3865
0.0725
0.155
0.6
0.11
0.2825
0.2
0.075
0.15
0.1105
0.25
0.285
0.1
0.285
0.16
0.3625
0.2805
0.16
0.1149995
0.155
0.2299995
0.2
0.7625
0.278
0.2
0.2225
0.1875
0.2549995
0.175
0.275
0.6625
0.55
0.25
0.085
0.425
0.425
0.125
0.06
0.3
0.09
0.3685
0.1605
0.175
0.175
0.0935
0.1855
0.1625
0.25
0.2125
0.375
0.375
0.14
0.065
0.135
0.625
0.25
0.215
0.335
0.095
0.185
0.085
0.0375
0.21
0.475
0.225
0.2275
0.095
0.15
0.165
0.1225
0.13
0.105
0.1225
0.475
0.175
0.2
0.35
0.2
0.1
0.4349995
0.11
0.048
0.035
0.425
0.25
0.155
0.0425
0.32
0.19
0.03
0.15
0.1125
0.29
0.06
0.2125
0.1475
0.4
0.55
0.475
0.175
0.08
0.15
0.28
0.065
0.325
0.375
0.175
0.14
0.55
0.15
0.2174995
0.135
0.225
0.155
0.2555
0.3475
0.2825
0.4
0.14
0.1
0.1
0.3625
0.325
0.0375
0.15
0.6825
0.175
0.14
0.2174995
0.365
0.225
0.765
0.3725
0.195
0.175
0.375
0.2
0.0275
0.39
0.31
0.21
0.2299995
0.35
0.02
0.35
0.25
0.178
0.3
0.3425
0.04
0.098
0.2415
0.3225
0.16
0.175
0.32
0.125
0.09
0.35
0.3
0.2125
0.03
0.325
0.3075
0.18
0.1075
0.145
0.05
0.55
0.1
0.4
0.25
0.175
0.181
0.7575
0.1
0.165
0.1625
0.0325
0.1
0.4
0.25
0.215
0.3375
0.092
0.35
0.07
0.25
0.2125
0.0377635
0.5745
0.425
0.066
0.225
0.19
0.22
0.425
0.2805
0.65
0.0325
0.3825
0.275
0.45
0.45
0.25
0.1775
0.5
0.0425
0.6
0.09
0.15
0.25
0.2424995
0.9625
0.1225
0.3155
0.355
0.105
0.06
0.175
0.29
0.35
0.165
0.375
0.125
0.2
0.065
0.11
0.158
0.4
0.055
0.1125
0.73
0.3175
0.275
0.3
0.2475
0.0925
0.31
0.19
0.155
0.0325
0.625
0.15
0.3125
0.14
0.125
0.175
0.175
0.1435
0.09
0.25
0.3
0.375
0.0875
0.125
0.3225
0.415
0.225
0.3175
0.445
0.35
0.05
0.575
0.25
0.2125
0.35
0.1105
0.7625
0.3125
0.175
0.2575
0.2475
0.35
0.325
0.0895
0.45
0.085
0.1
0.15
0.475
0.0625
0.345
0.2755
0.3
0.025
0.09
0.1875
0.15
0.425
0.16
0.325
0.3705
0.475
0.2655
0.08
0.21
0.275
0.245
0.095
0.3465
0.325
0.2275
0.4625
0.1
0.1
0.315
0.2
0.4175
0.07
0.11
0.17
0.35
0.25
0.175
0.25
0.325
0.16
0.2625
0.19
0.37
0.8449995
0.0625
0.215
0.4
0.775
0.075
0.3
0.1595
0.06
0.06
0.15
0.0555
0.375
0.355
0.2
0.19
0.2
0.2875
0.09
0.0825
0.5
0.2625
0.225
0.075
0.1875
0.2125
0.2205
0.22
0.3
0.3
0.09
0.2
0.36
0.2
0.09
0.1375
0.275
0.0325
0.175
0.125
0.15
0.35
0.25
0.13
0.185
0.42
0.1125
0.25
0.175
0.375
0.2045
0.2875
0.0325
0.125
0.165
0.455
0.0625
0.2
0.145
0.475
0.1325
0.095
0.75
0.445
0.2
0.2049995
0.125
0.16
0.5725
0.165
0.07
0.225
0.795
0.25
0.43
0.11
0.175
0.45
0.31
0.275
0.35
0.13
0.15
0.08
0.0675
0.208
0.0975
0.3
0.215
0.135
0.19
0.275
0.084
0.15
0.0675
0.225
0.075
0.2
0.475
0.25
0.925
0.25
0.315
0.2075
0.0925
0.1149995
0.2625
0.34
0.135
0.3
0.2
0.5
0.15
0.4
0.8
0.3375
0.1
0.1375
0.325
0.075
0.4
0.55
0.24
0.225
0.295
0.1375
0.11
0.05
0.14
0.2
0.1575
0.2625
0.03
0.25
0.16
0.0675
0.125
0.11
0.3465
0.13
0.14
0.28
0.215
0.4245
0.15
0.1575
0.2575
0.265
0.5
0.165
0.16
0.16
0.08
0.0625
0.275
0.16
0.35
0.1325
0.13
0.389
0.195
0.0775
0.04
0.315
0.285
0.1725
0.1125
0.425
0.455
0.145
0.475
0.098
0.4875
0.2549995
0.05
0.22
0.0805
0.1625
0.2325
0.45
0.13
0.325
0.25
0.175
0.08
0.4
0.2424995
1.0
0.2424995
0.45
0.05
0.175
0.2075
0.675
0.3
0.2
0.29
0.4
0.11
0.0975
0.1225
0.25
0.325
0.745
0.1875
0.39
0.3375
0.2154995
0.165
0.15
0.29
0.175
0.35
0.275
0.265
0.1105
0.03
0.16
0.1975
0.2625
0.375
0.345
0.25
0.375
0.31
0.17
0.2625
0.425
0.13
0.16
0.095
0.355
0.325
0.275
0.3375
0.775
0.2625
0.145
0.225
0.15
0.125
0.245
0.135
0.375
0.275
0.202
0.325
0.6
0.15
0.118
0.19
0.175
0.4
0.6
0.2549995
0.3475
0.7375
0.445
0.225
0.21
0.305
0.25
0.27
0.055
0.111
0.36
0.35
0.15
0.11
0.425
0.17
0.09
0.055
0.325
0.65
0.29
0.24
0.1875
0.275
0.675
0.265
0.1875
0.1575
0.05
0.1475
0.265
0.09
0.35
0.3975
0.4
0.7625
0.2299995
0.3425
0.325
0.225
0.151
0.125
0.4
0.11
0.45
0.233
0.475
0.21
0.14
0.225
0.12
0.3055
0.16
0.2049995
0.4125
0.14
0.375
0.0475
0.2375
0.13
0.295
0.275
0.19
0.35
0.11
0.075
0.18
0.175
0.185
0.31
0.235
0.075
0.25
0.25
0.3675
0.25
0.195
0.1875
0.1605
0.0465
0.1274995
0.3
0.3605
0.125
0.1525
0.1
0.1325
0.525
0.3
0.075
0.4875
0.1
0.08
0.4
0.21
0.6
0.135
1.0
0.2424995
0.15
0.2049995
0.4425
0.4
0.15
0.35
0.175
0.6625
0.385
0.11
0.3
0.2975
0.0475
0.1375
0.5
0.225
0.1375
0.5
0.2125
0.08
0.3625
0.159
0.275
0.925
0.45
0.275
0.135
0.15
0.25
0.2
0.325
0.275
0.35
0.4
0.0945
0.35
0.065
0.215
0.325
0.125
0.235
0.215
0.3375
0.335
0.105
0.55
0.3625
0.15
0.275
0.15
0.11
0.095
0.138
0.4
0.316
0.2299995
0.4625
0.02
0.455
0.2625
0.1875
0.2575
0.225
0.425
0.2075
0.0475
0.1435
0.0925
0.2549995
0.1875
0.1375
0.4
0.135
0.075
0.19
0.1325
0.1
0.2685
0.076
0.1825
0.515
0.305
0.165
0.5
0.325
0.35
0.125
0.15
0.1
0.1845
0.325
0.2375
0.365
0.175
0.135
0.425
0.13
0.5425
0.0995
0.6475
0.16
0.2049995
0.19
0.27
0.25
0.18
0.22
0.225
0.217
0.2
0.385
0.075
0.2299995
0.4
0.16
0.325
0.061
0.3
0.225
0.25
0.375
0.25
0.2
0.15
0.2625
0.165
0.6
0.3625
0.9295
0.635
0.25
0.075
0.55
0.1995
0.2555
0.1225
0.3775
0.36
0.135
0.675
0.35
0.105
0.0625
0.1125
0.2174995
0.24
0.11
0.18
0.2875
0.095
0.35
0.55
0.35
0.5755
0.8
0.165
0.645
0.275
0.8
0.185
0.2575
0.3375
0.375
0.5
0.075
0.06
0.1
0.36
0.1175
0.1149995
0.125
0.375
0.11
0.2049995
0.25
0.335
0.035
0.275
0.175
0.25
0.08
0.975
0.2075
0.37
0.455
0.125
0.235
0.275
0.815
0.35
0.046
0.1149995
0.075
0.1575
0.17
0.125
0.175
0.3
0.15
0.21
0.185
0.027
0.185
0.155
0.7555
0.1975
0.125
0.3
0.24
0.0675
0.145
0.085
0.185
0.45
0.29
0.279
0.38
0.105
0.1
0.07
0.32
0.695
0.35
0.1085
0.2
0.1775
0.355
0.075
0.146
0.375
0.4005
0.65
0.24
0.095
0.5875
0.1625
0.1
0.1625
0.34
0.0574995
0.17
0.6135
0.15
0.2995
0.425
0.4309995
0.575
0.085
0.3375
0.3
0.1125
0.105
0.11
0.85
0.105
0.26
0.11
0.09
0.0905
0.3125
0.175
0.06
0.325
0.0675
0.15
0.265
0.0645
0.35
0.165
0.4375
0.08
0.175
0.24
0.3625
0.4375
0.054
0.09
0.15
0.25
0.125
0.295
0.175
0.4125
0.425
0.3
0.425
0.18
0.84
0.4
0.155
0.3975
0.43
0.095
0.155
0.3375
0.25
0.0525
