year,fuel,seller_type,transmission,owner,brand,km_dr_gr,mpow_val
17,1,1,1,2,3,2,118
23,0,1,1,1,3,2,170
18,1,1,1,1,3,2,62
21,2,1,1,1,3,0,62
23,1,1,1,1,3,2,67
19,0,1,1,1,3,2,74
10,1,1,1,1,3,3,37
17,0,1,1,2,3,2,63
20,0,1,1,1,3,1,99
16,1,0,1,1,3,1,74
18,0,1,1,4,3,3,102
23,0,0,1,1,3,2,140
11,1,1,1,3,3,1,94
21,0,1,1,4,3,2,89
19,1,1,1,2,3,1,67
21,0,1,1,1,3,3,63
12,1,1,1,1,3,1,67
19,0,1,1,1,3,3,126
22,0,1,1,1,3,1,89
21,1,1,0,1,3,1,82
26,1,1,1,1,3,0,67
21,0,1,1,1,3,0,120
21,0,0,0,2,3,2,168
22,1,1,1,2,3,0,67
24,1,0,1,1,3,1,82
22,0,1,1,1,3,0,89
21,0,1,1,1,3,3,99
20,0,1,1,3,3,1,89
22,1,1,1,2,3,0,67
23,0,1,1,1,3,2,70
16,1,1,1,1,3,0,86
20,1,1,1,1,3,0,86
16,1,1,1,2,3,2,46
16,0,0,1,2,3,3,68
22,0,0,0,1,3,2,104
20,1,1,1,1,3,0,67
24,1,1,1,1,3,0,55
15,1,1,1,2,3,2,92
23,1,1,1,1,3,0,82
15,0,1,1,4,3,2,68
22,1,1,1,1,3,0,82
18,0,1,1,2,3,2,69
8,1,1,1,1,3,2,37
25,1,0,0,1,3,0,82
20,1,1,1,1,3,0,55
22,1,1,1,1,3,3,67
17,1,1,1,1,3,2,104
22,0,1,1,2,3,2,99
22,1,0,1,1,6,1,67
18,0,1,1,1,3,3,62
20,0,1,1,1,3,2,95
23,1,1,1,1,3,0,67
18,0,1,1,2,6,2,58
22,0,1,0,1,3,1,140
6,1,1,1,1,6,1,53
22,1,0,1,1,3,1,34
16,0,1,1,4,3,3,138
23,1,1,1,2,3,0,55
22,1,1,1,1,3,2,53
19,1,1,0,2,3,2,121
21,0,1,1,1,3,2,63
21,0,1,1,2,3,1,62
17,1,1,1,2,3,2,46
17,0,1,1,2,3,2,62
22,0,0,1,2,3,2,88
25,0,1,1,1,3,0,74
23,1,1,1,2,3,0,82
20,0,1,1,2,3,1,140
20,0,1,1,1,3,3,140
16,1,1,1,2,3,2,46
17,1,1,1,1,3,0,67
16,0,1,1,1,3,2,95
20,0,1,1,1,3,3,67
19,0,1,1,1,3,3,84
13,0,1,1,2,3,3,66
14,0,1,1,3,3,3,70
13,1,1,1,2,3,3,78
20,0,1,0,2,3,2,104
18,1,1,1,1,3,0,67
23,0,1,1,1,3,1,89
19,0,1,1,3,3,3,89
19,0,1,1,2,3,2,74
20,0,1,1,2,3,2,74
22,0,1,1,1,3,2,88
19,1,1,1,1,3,2,47
23,0,1,1,1,3,2,88
20,1,1,1,3,3,2,94
21,1,1,0,1,3,0,110
15,0,1,1,1,3,0,69
20,1,1,1,1,3,1,62
22,1,1,1,1,3,3,55
17,0,1,1,2,3,3,126
16,1,1,1,1,3,2,80
16,0,1,1,1,3,2,75
22,1,0,0,1,3,1,158
16,0,1,1,1,3,3,75
19,0,1,1,2,3,1,89
10,1,1,1,3,3,3,67
22,1,1,1,1,3,1,82
22,0,1,1,1,3,2,99
18,0,1,1,1,3,2,112
19,1,1,1,2,3,3,62
22,0,1,0,3,3,2,140
17,1,1,1,2,3,2,75
19,0,1,1,1,3,2,162
24,1,0,1,1,3,0,67
9,0,1,1,3,3,3,117
23,0,0,1,1,3,1,120
19,1,1,1,1,3,1,55
12,1,1,1,3,3,3,88
15,1,1,1,1,3,1,46
25,0,1,1,1,3,0,99
20,0,1,1,1,3,1,101
24,0,1,1,1,3,2,69
19,0,1,1,1,3,3,68
20,0,1,1,1,3,3,99
16,0,1,1,2,3,3,102
12,1,1,1,2,3,3,100
16,0,1,1,2,3,2,75
20,0,1,1,1,3,1,70
10,0,1,1,3,3,1,70
19,0,1,1,2,3,2,126
23,0,1,1,1,3,1,88
17,1,1,1,1,3,0,86
22,1,0,1,1,3,1,47
23,0,1,1,1,3,0,88
20,0,1,1,2,3,2,99
18,0,1,1,2,3,3,74
20,0,0,1,1,3,2,84
25,1,1,0,1,3,0,68
18,0,1,1,1,3,2,126
12,1,1,1,4,3,3,46
17,0,1,1,1,3,3,74
20,0,1,1,2,3,1,101
13,0,1,1,2,3,2,65
17,0,1,1,2,3,3,140
17,1,1,1,2,3,2,79
15,0,1,1,4,3,3,102
22,1,1,1,1,3,1,53
3,1,1,1,1,3,3,37
24,1,0,1,1,3,0,106
18,0,1,1,2,3,3,89
17,0,1,1,2,3,3,102
22,1,1,1,1,3,1,83
14,1,1,1,3,3,2,88
23,0,1,1,1,3,3,88
19,0,1,1,1,3,1,62
21,0,1,1,1,3,2,89
23,0,1,1,2,3,1,84
23,0,1,1,2,3,2,88
25,1,1,1,1,3,0,103
16,1,1,1,3,3,2,118
22,0,1,1,1,3,0,74
18,1,1,1,1,3,2,55
22,0,1,1,1,3,1,88
24,1,0,1,1,3,0,75
23,0,1,1,1,3,1,88
25,1,1,0,1,3,0,82
19,0,1,1,1,3,3,62
24,1,1,1,1,3,0,82
19,0,1,1,1,3,2,62
18,0,1,1,2,3,1,67
25,1,1,1,1,3,0,84
21,1,1,1,1,3,1,117
21,0,1,1,1,3,3,126
19,0,1,1,1,3,2,67
21,1,1,1,1,3,3,89
15,0,1,1,1,3,3,120
24,0,1,1,1,3,2,88
21,1,1,1,1,3,0,91
20,0,1,1,1,3,3,126
22,0,1,1,1,3,2,120
21,1,1,0,1,3,1,82
11,1,1,1,3,3,2,159
18,0,1,1,1,3,3,120
17,1,1,1,2,3,1,79
20,0,0,1,1,6,2,56
19,1,1,1,1,3,2,67
19,0,1,0,2,0,0,174
25,1,0,0,1,3,0,118
22,0,1,1,1,3,1,89
22,1,1,1,1,3,1,84
24,1,1,1,1,3,1,84
23,0,1,1,1,3,2,154
24,0,1,1,1,3,1,99
0,0,1,1,2,6,2,52
24,0,0,1,1,3,1,88
18,0,1,1,3,3,3,62
17,0,1,1,3,3,3,138
7,1,1,1,3,3,0,37
21,1,1,1,1,3,0,89
17,0,1,1,4,6,3,124
19,0,1,0,2,3,2,138
14,1,1,1,1,3,2,78
18,0,1,1,1,3,3,120
23,1,1,1,1,3,1,82
24,1,1,1,2,3,0,67
24,1,1,1,2,3,0,68
18,1,1,1,2,3,3,94
9,1,1,1,3,3,1,37
19,1,0,1,1,3,2,116
22,0,1,1,2,6,1,56
6,1,1,1,2,3,2,46
23,0,1,1,1,3,1,148
18,1,1,1,1,3,0,79
23,0,1,1,1,3,0,69
22,0,1,1,1,3,2,126
21,0,1,1,1,3,2,74
24,1,0,1,1,3,0,89
21,0,1,1,1,3,0,89
14,0,1,1,2,3,3,102
17,0,1,1,1,3,3,89
18,0,1,1,1,3,3,140
22,1,1,1,1,3,0,82
22,1,1,1,4,3,2,82
24,0,0,1,1,3,1,74
22,0,0,1,1,3,2,89
20,0,1,1,2,3,2,101
25,0,1,1,3,3,0,99
23,1,0,1,1,3,0,82
12,1,1,1,2,3,2,46
22,0,1,1,1,3,3,99
14,1,1,1,1,3,1,35
12,1,1,1,3,3,1,37
22,0,1,1,1,6,2,74
18,0,1,1,1,3,2,126
19,1,1,1,1,3,2,62
22,0,0,1,1,3,1,89
22,0,1,1,1,3,2,99
20,0,1,1,2,6,3,74
21,0,1,1,1,3,1,62
24,0,1,1,1,3,1,99
19,0,1,1,2,3,3,74
21,0,1,1,1,3,1,62
13,0,1,1,4,3,3,117
24,1,1,1,1,6,0,67
12,0,1,1,4,3,3,53
17,1,1,1,1,3,1,67
13,0,1,1,3,3,3,53
25,0,1,1,1,3,0,105
15,0,1,1,2,3,2,112
22,1,1,1,1,3,0,67
23,0,1,1,1,3,0,88
24,1,1,1,1,3,0,84
22,1,0,1,1,3,1,148
17,0,1,0,1,0,2,203
13,0,1,1,2,3,3,102
25,0,0,1,1,3,0,121
22,0,1,1,1,3,2,99
19,0,1,1,1,6,2,77
25,1,0,0,1,3,0,141
23,0,1,1,1,3,1,74
18,1,1,1,1,3,1,67
21,0,1,1,1,6,0,92
24,1,1,0,1,3,0,121
21,1,1,1,1,3,0,67
12,0,1,1,1,3,3,68
23,1,0,0,1,3,0,84
23,0,1,1,2,3,1,84
22,0,1,1,2,3,2,99
23,1,1,1,1,3,0,82
15,1,1,1,4,3,2,80
22,0,1,1,1,3,3,148
20,1,1,1,3,3,1,55
17,1,1,0,3,3,1,103
18,0,1,1,1,3,2,89
23,0,1,1,1,3,1,108
17,1,1,1,1,3,1,46
17,1,1,1,1,3,1,46
18,0,1,1,1,3,1,74
25,0,1,1,1,3,0,155
23,0,0,1,1,3,1,89
20,1,1,1,1,3,3,86
24,0,0,1,1,3,1,74
23,1,0,1,1,3,0,82
25,1,1,0,2,3,0,82
16,0,1,1,2,3,2,138
25,1,1,1,1,3,0,73
24,0,1,1,1,3,1,153
25,0,1,1,1,3,0,99
25,1,1,1,1,3,0,82
16,0,1,0,1,3,3,120
23,1,0,0,1,3,0,67
24,0,1,1,1,3,2,74
23,0,1,1,1,3,0,62
17,1,1,1,2,3,1,64
22,0,1,1,1,3,3,77
18,0,1,1,2,3,3,120
18,0,0,1,1,3,2,138
17,0,1,1,2,3,3,74
22,1,1,0,1,3,1,83
21,1,1,1,1,3,0,67
18,1,1,1,2,3,2,62
21,0,1,1,2,3,3,69
16,0,1,0,4,3,3,110
19,1,1,1,2,6,2,79
23,1,1,0,1,3,0,67
20,1,0,1,1,3,0,87
22,0,1,1,1,3,1,99
16,1,1,1,2,3,2,67
20,1,1,1,2,3,1,67
21,0,1,1,1,3,1,99
22,1,1,1,1,3,0,89
16,0,1,1,3,3,3,75
18,1,1,1,1,3,0,87
19,2,1,1,1,3,2,58
18,1,1,1,1,3,3,86
19,0,1,1,1,6,3,58
18,0,1,1,2,3,2,84
24,1,1,1,1,3,0,82
22,1,1,1,1,3,1,47
24,1,1,1,1,3,1,82
26,0,1,1,1,3,3,153
21,0,1,1,2,3,2,99
18,0,1,1,1,3,2,104
22,1,1,1,1,3,1,55
22,1,1,1,1,3,0,82
21,1,1,1,2,3,1,55
12,1,1,1,2,3,3,67
17,0,1,1,2,3,2,104
9,1,1,1,2,3,2,125
23,1,1,1,1,3,0,67
16,0,1,1,1,3,1,87
23,1,1,1,1,3,0,67
23,1,0,1,1,3,1,82
18,0,1,1,1,3,3,62
15,0,1,1,2,3,2,53
24,1,1,1,1,3,0,82
15,0,1,0,3,0,3,241
24,0,1,1,1,3,3,74
24,1,1,0,2,3,0,67
21,1,1,1,1,3,0,67
19,1,1,1,2,3,2,47
14,1,1,1,2,3,2,46
22,1,1,1,1,3,1,53
16,0,1,1,2,3,3,90
25,1,1,1,1,3,2,89
17,1,1,1,2,3,0,67
21,0,1,1,2,3,3,74
22,0,0,1,1,3,0,148
22,0,1,1,1,6,3,74
21,1,1,1,1,3,1,87
20,0,1,1,3,6,2,56
24,1,1,0,1,3,0,83
21,1,1,1,1,3,0,110
18,0,1,1,2,3,3,74
24,0,1,1,1,3,0,99
23,1,1,1,1,6,1,67
17,1,1,1,3,3,1,62
23,1,1,1,1,3,2,55
16,1,1,1,2,3,2,37
20,0,1,1,2,3,3,84
19,1,0,1,1,3,1,116
22,0,1,1,2,3,2,74
19,1,1,1,2,3,2,55
23,1,0,0,2,3,0,138
20,0,1,1,2,3,2,89
12,1,1,1,3,3,2,46
19,0,1,1,1,3,3,100
23,1,1,1,1,3,1,53
17,0,1,1,2,3,3,74
16,0,1,1,3,3,3,90
20,0,1,1,2,3,2,74
19,0,0,1,1,3,3,99
25,1,1,1,1,3,0,83
21,0,1,1,1,3,2,100
21,0,0,1,1,3,2,74
11,0,1,1,2,3,2,63
21,1,1,0,1,3,1,87
23,1,1,1,1,3,0,83
24,1,1,1,1,3,0,75
17,1,1,1,1,3,1,66
16,0,1,1,2,3,3,95
23,1,1,1,1,3,0,47
24,0,1,1,1,3,1,74
22,0,1,1,1,3,0,88
20,0,1,1,1,3,1,75
18,0,1,1,2,3,3,140
12,1,1,1,2,3,3,78
18,0,1,1,1,3,2,68
17,0,1,1,1,3,3,138
16,0,1,1,1,3,3,102
24,1,1,1,1,3,0,121
8,1,0,1,2,3,1,37
24,0,1,1,2,3,2,100
17,0,1,1,1,3,3,68
18,0,1,1,1,6,3,58
25,1,0,1,1,3,0,84
24,0,1,1,1,3,2,99
25,1,1,1,1,3,0,84
17,1,1,1,3,6,2,79
17,0,1,1,2,3,3,95
19,0,1,1,3,3,3,89
22,0,1,1,1,3,2,62
22,0,1,1,1,3,3,100
26,0,1,1,1,3,1,77
22,1,1,1,1,3,0,82
19,1,1,1,2,3,1,55
16,0,1,1,2,3,2,68
25,0,1,1,1,3,0,74
15,0,1,1,2,3,1,53
20,0,1,1,1,3,1,140
21,0,1,1,1,3,2,89
20,1,1,1,2,3,3,47
21,0,1,1,1,6,1,56
18,1,0,1,1,3,2,67
23,0,1,1,1,3,0,74
11,0,1,1,3,3,3,102
19,0,1,1,2,3,3,101
23,0,1,1,1,3,0,74
22,1,1,1,1,3,0,55
22,1,1,1,1,3,0,121
19,1,1,1,1,3,3,83
21,0,1,1,1,3,2,100
24,0,1,1,1,3,0,108
15,1,1,1,2,3,2,138
21,0,1,1,1,3,1,120
17,0,1,1,1,3,3,70
19,0,1,1,2,3,3,74
17,1,1,1,3,3,2,66
17,0,1,1,1,3,2,68
19,0,1,1,2,6,3,75
21,0,1,1,1,3,3,148
21,0,1,1,1,3,3,74
13,0,0,1,1,3,3,74
18,0,1,1,2,3,2,126
20,0,1,1,1,3,1,89
16,1,1,1,2,3,2,67
22,0,1,1,2,3,1,88
21,0,1,1,2,3,2,99
21,0,1,1,2,3,3,99
13,1,1,1,3,6,1,76
19,1,0,1,2,3,1,118
18,1,1,1,1,3,0,37
14,1,1,1,1,3,3,68
24,1,1,1,1,3,1,47
12,1,1,1,3,3,2,130
16,0,1,1,2,3,3,75
16,0,1,1,1,3,3,102
23,1,1,1,1,3,2,82
21,0,1,1,2,3,2,90
24,1,1,1,1,3,0,89
26,1,1,1,1,3,0,82
24,0,1,1,1,3,2,126
20,0,1,1,2,3,1,89
24,0,1,1,1,3,0,105
23,1,1,1,1,3,0,82
23,1,1,0,2,3,0,67
21,1,0,0,1,3,2,110
23,1,0,0,1,3,0,82
18,1,1,1,1,3,2,37
17,0,1,1,2,3,2,118
17,0,1,1,2,3,2,104
26,1,0,0,1,3,0,141
15,1,1,1,2,3,1,118
17,0,1,1,1,3,1,54
18,0,1,1,1,3,3,62
20,0,1,1,4,3,3,74
15,1,1,1,2,3,2,80
23,0,1,1,1,3,2,99
22,0,1,1,1,3,3,63
21,0,1,1,2,3,3,101
16,1,1,1,3,3,2,66
22,0,1,1,1,3,3,63
14,0,1,1,3,3,3,102
24,0,1,0,1,3,1,108
19,0,1,1,3,3,2,89
25,0,1,0,1,3,0,88
10,0,0,1,1,3,2,141
21,1,1,1,1,3,1,138
25,1,1,1,1,3,0,72
22,0,1,1,1,3,2,100
18,0,1,0,2,0,2,181
25,1,1,1,1,3,0,67
22,0,1,1,1,3,0,71
20,2,1,1,2,3,2,62
17,1,1,1,1,3,1,79
22,1,0,1,1,3,0,87
18,1,1,1,2,3,2,80
21,1,1,1,1,3,0,83
22,0,1,1,1,3,2,74
13,1,1,0,1,0,3,178
23,0,1,1,1,3,1,88
23,1,1,1,1,3,1,47
15,0,1,1,2,3,2,70
21,0,0,0,1,0,1,188
23,1,1,1,2,3,2,47
18,0,1,1,1,3,2,68
8,0,1,1,1,3,3,83
20,0,1,1,2,3,2,101
22,0,1,1,1,3,0,84
17,0,1,1,1,3,3,70
25,1,1,1,1,3,0,82
15,1,1,1,1,3,2,85
18,0,1,1,2,3,3,63
22,0,0,1,1,3,2,89
23,0,1,1,1,3,1,100
22,0,1,1,2,6,1,74
25,1,1,1,1,3,0,82
15,1,1,1,2,3,1,67
16,1,1,1,2,3,3,66
25,2,1,1,1,3,0,58
17,0,1,1,1,3,2,62
14,0,1,1,2,3,3,138
24,1,1,1,1,3,0,67
21,0,1,1,1,3,3,140
13,0,1,1,2,3,3,138
19,0,1,1,3,3,2,74
22,1,1,1,1,3,2,82
23,0,1,0,1,3,1,154
21,0,1,1,1,6,2,92
14,0,1,1,3,3,3,74
19,0,1,1,2,3,2,68
22,0,1,1,1,3,3,126
23,0,1,1,1,3,1,88
23,1,1,0,1,3,0,89
20,0,1,1,2,6,2,56
20,0,1,1,2,3,1,105
20,0,1,1,1,3,2,74
23,0,1,1,1,3,0,74
18,0,1,1,2,3,2,89
16,0,1,1,1,3,3,90
15,1,1,1,2,3,2,66
24,0,1,1,1,3,0,108
20,0,1,1,2,3,2,89
17,0,0,1,2,6,1,58
23,1,1,1,1,3,2,87
20,0,1,1,2,3,1,89
18,0,1,1,1,3,3,89
19,0,1,1,3,3,2,74
16,1,1,0,3,3,3,116
10,1,1,1,3,3,1,37
23,0,1,1,1,3,2,63
25,0,1,0,1,3,0,148
13,1,1,1,3,3,2,63
24,0,1,1,1,3,0,105
18,0,1,1,1,3,3,89
17,0,1,1,1,3,3,126
24,0,0,0,1,3,0,108
20,0,1,1,1,3,2,74
21,1,1,1,2,3,1,68
24,0,1,1,1,3,0,154
20,0,1,1,1,3,3,75
19,1,1,1,2,3,1,121
17,0,1,1,1,3,2,63
17,1,1,0,3,3,1,79
20,0,1,1,1,3,3,120
17,0,1,1,1,3,2,70
19,0,1,1,1,3,3,120
21,1,1,1,1,3,1,79
17,0,1,1,2,3,3,71
23,1,1,1,1,3,0,82
24,0,1,1,1,3,0,89
24,1,0,1,1,3,0,82
18,0,1,1,1,3,1,70
16,1,1,1,2,3,2,118
17,0,1,1,1,3,2,68
22,0,1,1,1,3,1,89
18,1,1,1,1,3,1,37
23,1,1,0,1,3,0,67
16,1,1,1,4,3,3,90
20,0,1,1,1,3,1,69
23,1,0,0,1,3,1,82
19,1,0,0,2,3,1,104
23,1,1,1,1,3,0,82
18,0,1,1,3,3,2,74
21,1,1,0,2,3,1,67
24,1,1,1,1,3,1,53
22,0,1,0,1,3,0,172
17,2,1,1,4,3,0,73
21,1,1,1,1,6,1,77
22,1,0,1,1,3,1,121
19,0,1,1,1,3,2,70
19,0,1,1,2,3,3,140
17,0,1,1,2,3,3,53
19,0,1,1,1,3,2,74
15,1,1,1,3,3,2,46
10,1,1,1,1,3,3,67
15,0,1,0,2,0,1,181
22,1,1,1,1,3,0,91
10,1,1,1,2,3,2,60
23,1,1,1,2,3,3,86
15,1,1,1,2,3,3,46
23,1,1,0,1,3,3,82
26,1,1,1,1,3,0,82
22,0,0,1,1,3,2,126
20,1,1,1,2,3,3,82
17,0,1,1,2,3,2,74
24,1,1,1,1,3,0,82
17,0,1,1,1,3,1,95
14,1,1,1,2,3,3,68
14,1,1,1,2,3,2,78
13,1,1,1,2,3,1,65
17,1,1,1,2,3,3,67
13,0,1,1,1,3,3,70
19,1,1,1,1,3,0,67
25,1,1,1,1,3,0,53
19,1,1,1,1,3,3,94
23,0,1,1,1,3,0,74
21,0,1,1,3,3,1,84
12,2,1,1,3,3,3,58
25,1,0,0,0,3,0,139
18,0,1,1,2,3,3,120
23,1,1,1,1,3,0,121
25,0,1,1,1,3,0,121
23,0,1,1,2,3,1,89
17,0,1,1,2,3,3,74
19,1,1,1,1,3,1,55
11,1,1,1,2,3,1,46
23,0,1,0,1,3,1,108
16,1,1,1,3,3,1,62
19,0,0,1,1,3,2,104
15,1,1,0,2,3,2,103
16,1,0,1,1,3,1,79
21,0,1,1,2,3,1,89
24,0,1,1,1,3,1,109
22,1,1,1,1,3,0,67
23,0,0,1,1,3,2,88
22,1,1,1,2,3,2,34
13,1,1,1,2,3,2,64
16,0,1,1,2,3,3,74
14,0,1,1,2,3,3,69
17,0,1,1,1,3,3,95
19,0,1,1,4,3,2,74
19,0,1,1,2,3,3,74
22,0,1,1,2,3,2,100
17,1,1,1,3,3,3,89
20,0,1,1,2,3,2,74
18,1,1,1,2,3,2,66
20,1,1,1,2,3,1,79
19,0,1,1,1,3,2,62
22,0,0,0,1,3,2,172
24,0,1,1,3,3,3,148
23,0,1,1,1,3,3,63
15,1,1,1,3,6,3,62
21,0,1,1,1,3,2,67
21,0,0,1,1,3,2,84
18,0,1,1,1,3,3,126
19,0,1,1,2,3,3,74
17,0,1,1,3,3,3,115
17,1,1,1,1,3,2,80
23,1,0,1,1,3,0,82
15,0,1,1,2,3,3,54
23,0,1,1,1,3,0,126
19,0,1,1,2,3,3,104
18,0,1,1,2,3,1,89
22,0,1,1,1,3,1,126
19,1,1,1,2,3,1,55
21,1,1,1,1,3,1,117
23,1,1,1,1,3,1,47
21,0,1,1,1,3,2,101
23,0,1,1,1,3,1,88
19,0,1,1,1,3,3,67
21,0,1,1,1,3,1,88
23,1,1,1,1,3,0,67
24,0,1,1,2,3,0,99
23,1,1,1,1,3,0,82
20,1,1,1,1,3,2,55
24,1,0,1,1,3,0,82
22,0,1,1,1,3,3,89
25,1,1,1,1,3,0,83
23,0,1,1,1,3,2,148
17,1,1,1,1,3,2,100
15,0,1,1,3,3,2,143
25,1,1,0,1,3,0,89
17,0,1,1,3,3,3,104
25,1,1,1,1,3,0,82
22,0,1,1,2,3,3,88
18,1,1,1,1,3,1,55
22,1,1,1,1,3,0,34
16,0,1,1,2,3,3,171
23,1,1,1,2,3,0,82
21,0,1,1,2,3,2,71
13,1,1,1,1,3,2,68
19,1,1,1,1,3,1,79
22,1,1,1,1,3,2,82
19,1,1,1,1,3,0,67
22,1,1,1,2,3,1,67
15,0,1,1,1,3,2,110
19,1,1,1,3,3,1,103
18,0,0,1,1,3,2,74
21,1,1,1,2,3,0,82
22,0,1,0,1,3,1,172
18,0,1,1,1,6,2,58
14,1,1,1,3,3,2,78
25,0,1,1,1,3,0,115
20,0,0,1,1,3,2,140
17,0,1,1,2,3,1,74
18,0,1,1,1,3,3,102
16,0,1,1,1,3,1,70
15,1,1,1,1,3,0,46
21,1,1,1,1,3,1,82
23,0,1,1,1,3,2,108
20,0,0,1,1,3,2,74
22,0,0,0,1,3,1,168
23,1,1,1,2,3,2,84
23,1,1,1,1,3,0,82
13,0,1,1,2,3,2,102
23,1,1,1,1,3,0,87
20,0,1,1,1,3,3,67
20,0,1,1,2,3,2,74
26,1,1,1,1,3,0,47
20,0,1,1,1,3,3,108
17,0,1,1,3,3,2,74
16,1,1,1,3,3,1,35
11,1,1,1,3,3,3,67
24,0,1,1,1,3,0,153
14,0,1,1,1,3,2,68
21,0,1,1,1,3,2,89
16,1,1,1,1,3,0,67
23,1,1,1,1,3,1,82
22,0,0,1,1,3,1,89
17,1,1,1,2,3,3,90
18,1,1,1,1,3,3,83
20,1,0,1,1,3,1,94
22,0,1,1,1,3,2,88
25,1,0,1,1,3,0,95
23,1,1,1,3,3,0,87
20,1,0,1,1,3,0,82
24,1,1,1,1,3,0,82
19,0,0,1,2,3,3,70
20,0,0,1,1,3,2,101
21,0,1,1,1,3,3,74
14,1,1,1,2,3,3,79
21,0,1,1,2,3,1,71
18,1,0,1,2,3,0,89
22,0,1,1,1,3,2,140
21,1,0,1,1,3,0,86
21,0,1,1,1,3,3,71
25,1,1,0,1,3,0,82
22,0,1,1,1,3,3,62
11,0,1,1,2,3,3,102
25,1,1,1,1,3,0,68
17,0,1,1,1,3,3,64
23,1,1,1,1,3,2,87
18,0,1,1,2,6,1,58
24,1,1,0,1,3,1,89
13,1,1,1,1,3,2,67
21,1,1,1,1,3,0,82
24,1,1,1,1,3,0,82
20,0,1,1,1,6,3,75
21,0,1,1,1,3,1,70
16,1,0,0,1,3,1,79
19,0,1,1,2,3,2,70
20,1,1,1,1,3,1,67
18,1,1,1,1,3,0,47
20,0,1,1,2,3,3,140
25,0,1,1,1,3,0,109
14,1,1,0,3,3,1,108
20,1,1,1,1,3,1,117
25,1,1,1,1,3,0,110
18,1,1,1,2,3,1,46
22,1,1,1,1,3,0,47
17,1,0,1,1,3,0,67
17,1,1,1,2,6,2,62
16,0,1,1,4,3,2,74
20,1,1,1,2,3,1,55
14,1,1,1,4,3,2,67
20,0,1,0,1,0,1,271
24,1,1,1,1,3,0,91
14,1,1,1,2,3,2,67
19,0,1,0,2,0,3,184
21,0,1,1,1,3,1,140
20,0,1,1,3,3,2,84
21,0,1,1,2,3,3,178
25,1,1,1,1,3,0,82
18,0,0,1,1,3,3,171
17,0,1,1,2,3,2,74
19,1,1,1,2,3,3,67
17,1,1,1,1,3,1,103
16,1,1,1,3,3,2,90
24,1,1,1,1,3,0,55
24,0,1,1,1,3,1,89
24,1,1,1,1,3,0,82
19,0,1,1,1,3,0,101
18,0,1,0,1,3,3,169
17,0,1,1,2,3,2,90
21,0,1,0,2,3,2,168
23,0,1,1,1,3,2,148
23,0,1,1,1,3,3,99
13,0,1,1,2,3,3,138
18,2,1,1,2,3,1,47
21,0,1,1,1,3,3,141
14,1,1,1,2,3,3,46
12,0,1,1,1,3,2,117
19,1,1,1,1,3,2,86
23,1,1,1,1,3,0,67
14,0,1,1,2,6,2,148
23,1,1,1,1,3,0,82
26,1,1,1,2,3,3,67
20,1,0,0,1,3,0,103
22,0,0,1,2,3,1,148
20,1,1,1,1,6,0,77
24,0,0,1,1,3,1,88
18,0,1,1,1,3,3,70
10,1,1,1,3,3,2,37
23,0,1,1,1,3,1,126
20,1,1,1,2,3,1,89
22,0,0,1,2,3,3,104
23,0,1,1,1,3,1,99
20,0,1,1,1,3,1,70
20,1,1,1,1,3,3,117
15,1,1,1,1,3,1,66
23,1,0,1,1,3,2,82
13,1,1,1,3,3,3,103
16,0,1,1,2,6,3,92
16,0,1,1,1,3,3,138
23,1,1,1,1,3,1,53
15,0,1,1,1,3,3,102
24,1,1,1,1,6,0,54
22,0,1,1,1,3,2,89
18,1,1,1,2,3,0,55
25,0,0,1,1,3,0,74
21,0,1,1,1,3,2,89
25,1,1,1,1,3,0,89
20,0,1,1,1,3,0,74
23,1,1,1,1,3,2,47
17,0,1,1,2,3,3,63
22,2,1,1,2,3,1,58
23,0,0,1,1,3,3,98
18,0,1,1,1,3,1,62
20,0,1,1,2,3,2,70
21,0,1,1,1,3,2,99
24,1,1,0,1,3,0,68
20,0,1,1,1,3,3,108
20,1,1,1,3,3,1,87
24,0,1,1,1,3,2,99
23,0,1,1,1,3,1,88
25,1,1,1,1,3,0,72
21,0,1,1,1,3,2,74
19,0,1,1,2,6,2,74
15,1,1,1,1,3,1,46
8,1,1,1,4,3,3,100
23,0,1,1,1,3,2,74
13,1,1,1,2,3,3,63
19,0,0,0,1,0,2,170
21,0,1,1,1,3,2,126
17,1,1,1,3,3,2,80
19,0,1,1,2,6,2,58
20,1,1,1,1,3,1,47
23,0,1,1,1,3,1,69
16,0,1,1,1,3,3,102
24,1,1,1,2,3,1,84
20,0,1,1,1,3,2,99
24,0,1,1,1,3,2,99
23,0,1,1,1,3,2,140
22,0,1,1,2,3,3,148
21,0,0,0,1,3,1,154
21,0,1,1,2,3,3,120
23,0,0,1,1,3,0,148
12,1,1,1,3,3,2,67
20,0,0,1,1,3,2,74
21,1,1,1,1,3,1,82
20,0,1,1,2,3,3,89
14,0,1,1,2,3,3,74
21,1,1,1,3,3,3,89
19,0,1,1,1,3,2,74
15,1,1,1,1,3,2,37
13,0,1,1,4,3,3,110
17,0,0,1,1,3,3,102
18,1,1,1,1,3,0,67
15,1,1,1,1,3,3,75
19,1,1,1,1,6,1,85
24,0,1,1,1,3,0,100
23,0,1,1,1,3,2,109
22,0,1,1,1,3,2,77
15,1,1,1,2,3,2,64
17,0,1,1,4,3,3,104
9,1,1,1,4,3,3,67
22,1,1,1,1,3,1,82
19,0,1,1,2,3,2,101
23,1,1,1,1,3,0,67
25,0,1,1,1,3,0,89
21,0,1,1,1,3,0,104
19,0,1,1,1,3,3,138
22,1,1,1,1,6,0,54
19,0,1,1,1,3,1,89
10,1,1,1,4,3,3,94
24,0,0,1,1,3,2,88
17,0,1,1,1,3,3,90
23,0,1,1,1,3,1,88
18,0,1,1,1,3,2,89
9,0,1,1,1,3,0,57
22,1,1,1,1,3,0,83
16,0,1,1,1,3,2,105
12,1,1,1,2,3,2,64
22,1,1,1,1,3,1,117
12,0,1,1,1,3,3,63
23,1,1,1,2,3,0,47
25,0,1,1,1,3,0,88
15,1,1,1,2,3,3,130
20,1,1,1,2,3,1,117
22,0,1,1,1,3,0,77
16,1,1,1,3,3,3,73
21,1,1,1,1,3,0,67
14,1,0,1,1,3,0,67
23,0,1,1,2,3,2,63
22,1,1,1,1,3,2,82
14,0,1,1,2,3,3,74
23,1,1,1,1,3,0,87
22,0,1,1,1,3,3,74
24,0,0,1,1,3,1,88
22,0,1,1,1,3,0,74
20,0,1,1,3,3,2,67
23,1,1,1,1,6,2,53
21,1,1,1,1,3,1,68
24,1,1,1,1,3,0,89
17,0,1,1,2,3,3,115
24,0,1,1,1,3,1,154
25,1,1,1,1,3,0,82
22,1,1,1,1,3,0,89
17,0,1,1,1,3,2,63
19,0,1,1,1,3,2,74
16,0,1,0,2,3,2,120
21,1,1,1,1,3,0,67
18,0,1,1,2,3,3,89
24,0,1,1,1,3,0,120
21,0,1,0,2,3,2,140
17,0,1,1,2,3,1,74
21,1,1,1,3,3,0,47
24,1,0,1,1,3,1,103
22,0,1,1,1,3,2,88
20,1,1,1,2,3,1,47
15,1,1,1,3,3,3,66
22,1,0,0,1,3,0,89
20,1,1,1,1,3,1,47
26,1,1,0,1,3,0,103
16,1,1,0,2,3,1,118
21,1,1,1,2,3,1,67
21,0,1,1,1,3,1,74
16,1,1,1,2,3,3,68
19,1,0,1,2,3,2,82
19,1,1,1,2,3,3,86
18,0,1,1,2,3,1,90
18,0,1,1,2,3,2,89
22,1,1,1,1,3,0,91
23,0,0,0,1,3,0,108
21,1,1,1,2,3,1,55
17,0,1,1,2,3,1,75
18,0,1,1,1,3,3,74
25,0,1,1,1,3,2,154
22,0,1,1,1,3,2,99
24,1,1,1,2,6,0,67
21,0,1,1,2,3,1,120
15,1,1,1,3,3,2,86
17,0,1,1,2,3,2,104
19,1,1,1,2,3,3,65
11,1,1,1,1,3,3,100
22,0,1,1,2,6,3,74
24,0,1,1,2,3,1,88
25,2,1,1,1,3,1,62
20,0,1,1,1,3,1,74
16,1,1,1,1,3,0,46
13,0,1,1,3,3,3,63
21,1,1,1,2,3,2,67
13,0,1,1,2,3,3,110
20,0,1,1,1,6,1,74
17,0,1,1,1,3,3,70
19,1,1,1,1,6,0,85
19,0,1,1,2,3,2,138
21,1,1,1,1,3,2,83
20,0,1,1,2,3,3,89
21,0,1,1,2,3,3,89
24,1,1,1,1,3,1,67
18,1,1,1,2,3,2,67
23,0,1,1,1,3,1,88
17,0,1,1,2,6,3,75
13,2,1,1,1,3,3,58
17,1,1,1,1,3,1,35
21,0,1,1,1,3,2,101
20,1,1,1,1,3,0,82
24,1,1,1,1,3,0,47
16,1,1,1,3,3,3,46
23,0,1,1,1,3,2,70
20,1,1,1,2,3,1,82
14,0,1,1,4,3,3,53
19,0,1,1,4,3,3,74
17,1,1,1,2,3,2,68
19,1,0,0,1,3,1,178
14,0,1,1,2,3,3,110
12,0,1,1,3,3,3,102
17,0,1,1,2,3,1,104
19,0,1,1,1,3,2,101
23,1,1,0,1,3,0,117
25,0,1,1,1,3,0,89
16,1,1,0,1,3,0,103
22,1,1,1,2,6,1,62
17,1,1,1,1,3,0,74
22,0,1,1,1,3,1,89
11,1,1,1,2,3,3,67
20,0,1,1,2,3,1,62
21,0,1,1,1,3,0,89
24,1,1,1,1,3,0,53
22,1,1,1,1,3,2,68
23,0,1,1,1,3,1,89
22,1,1,1,1,3,2,84
21,1,0,1,1,3,1,82
17,0,1,1,2,3,1,74
20,0,1,1,2,3,2,84
16,0,1,1,2,3,3,74
22,0,1,1,1,3,2,89
23,0,0,1,1,3,0,84
21,0,0,1,1,3,3,74
19,0,0,0,1,3,3,184
24,1,1,1,1,6,1,54
16,1,1,1,2,3,2,67
18,0,1,1,1,3,2,70
23,0,1,1,1,3,1,74
22,1,1,1,2,3,0,83
12,1,1,0,1,3,1,67
16,1,1,1,2,3,3,160
20,0,1,1,2,3,2,101
26,1,1,1,1,6,0,67
18,0,1,1,3,3,2,104
21,1,1,1,2,3,0,83
24,1,0,0,1,3,0,82
24,1,1,1,1,3,0,84
24,0,1,1,1,3,1,138
22,0,1,1,1,3,2,88
24,1,0,1,1,3,0,53
17,0,1,1,2,3,2,90
23,0,1,1,1,3,2,88
22,1,0,1,1,3,2,67
5,1,1,1,2,3,1,37
20,0,0,1,1,3,2,140
24,0,1,1,1,3,2,74
21,1,1,1,1,3,0,83
21,0,1,1,2,3,0,99
19,0,1,1,1,3,1,89
4,1,1,1,2,3,2,37
24,1,1,1,1,3,0,82
21,0,1,1,1,3,1,99
19,0,1,1,2,3,2,74
21,0,1,1,1,3,1,99
25,1,1,0,1,3,0,83
13,0,1,1,3,3,3,62
17,1,1,1,1,3,3,67
23,1,1,1,1,3,0,67
20,0,1,0,1,3,3,120
20,0,1,1,1,6,1,75
17,0,1,1,2,3,2,90
22,0,1,1,1,3,1,88
17,1,1,1,1,3,0,94
15,1,1,1,2,3,2,94
24,0,1,1,1,3,0,108
21,0,1,1,1,3,3,84
23,1,1,1,2,3,1,67
18,1,1,1,1,3,1,38
24,1,1,1,1,3,0,82
21,0,1,1,1,3,2,89
15,1,1,0,2,3,1,100
19,1,1,1,1,3,0,67
19,0,1,1,1,3,2,63
13,2,1,1,3,6,2,60
22,0,1,1,1,3,1,120
18,0,1,1,2,6,2,58
21,0,1,1,1,3,3,140
22,1,1,1,1,3,0,82
23,1,1,1,2,3,0,55
25,2,1,1,2,3,3,62
23,0,1,1,1,3,0,170
24,1,1,1,1,3,0,34
21,1,1,1,1,3,0,89
17,1,0,1,1,3,1,118
9,1,1,1,4,3,1,60
17,2,1,1,1,3,3,58
21,0,1,1,2,3,2,99
18,0,1,0,1,3,2,126
23,1,1,1,2,3,1,84
25,1,1,1,1,3,0,72
19,1,1,1,1,3,0,62
24,1,1,1,2,3,1,100
12,1,1,1,2,3,1,68
26,1,1,1,1,3,0,68
23,1,1,1,1,3,1,84
14,1,1,1,1,6,2,63
25,1,1,1,1,3,0,121
24,0,1,1,1,3,0,120
18,0,0,1,1,3,2,138
20,0,1,1,1,3,2,99
24,1,1,1,1,3,0,67
21,0,1,1,1,3,1,99
23,0,1,1,1,3,3,75
15,0,1,1,3,3,3,102
25,0,1,1,1,3,0,120
14,1,1,1,2,3,1,37
22,0,1,1,1,3,2,99
25,1,1,1,1,3,0,84
25,0,1,1,1,3,1,88
23,0,1,0,1,3,1,109
19,1,1,0,1,3,1,158
19,0,1,1,2,6,3,74
24,0,1,1,1,3,1,88
12,1,1,1,2,3,1,46
24,0,1,1,1,3,1,121
20,1,1,1,1,3,1,55
19,0,1,1,1,6,3,75
22,1,1,1,1,3,1,83
22,1,1,1,1,3,0,89
25,0,0,0,1,3,1,172
19,0,1,1,1,3,2,74
22,0,1,1,2,3,2,74
23,0,1,1,1,3,3,100
17,0,1,1,1,3,2,75
10,0,1,1,4,3,2,120
21,1,1,1,1,3,1,86
25,1,1,1,1,3,0,89
23,1,0,1,1,3,1,117
23,1,1,1,1,3,0,67
22,0,1,1,3,3,2,99
14,0,1,1,1,3,3,63
23,0,1,1,1,3,2,89
16,1,1,1,3,3,3,35
20,0,1,1,1,6,1,56
23,1,1,1,1,3,0,47
18,0,1,1,2,3,3,102
15,1,1,1,1,3,3,65
15,0,1,1,3,3,3,74
25,0,1,1,1,3,0,121
21,0,1,1,1,3,3,99
24,1,1,1,1,3,0,82
21,0,1,1,1,3,3,88
21,1,0,1,1,3,0,82
18,1,1,1,2,3,1,46
22,0,1,1,1,3,2,88
21,0,1,1,2,3,3,65
23,1,1,1,1,3,0,47
11,1,1,1,1,3,2,83
23,0,1,1,1,3,1,134
19,0,1,1,2,3,3,74
19,0,1,1,2,3,2,101
18,1,1,1,2,3,2,86
18,0,1,1,3,3,3,78
24,1,1,1,1,3,0,55
22,1,1,1,1,3,2,67
18,0,1,1,1,3,3,89
21,1,1,1,2,3,0,34
21,1,1,1,1,3,2,82
20,0,1,1,4,3,2,89
23,0,0,1,1,3,1,84
14,0,1,1,2,3,1,75
13,0,1,1,2,3,2,122
22,1,0,0,1,3,0,104
17,0,1,1,3,3,3,102
20,0,1,1,2,3,0,89
22,0,0,1,1,3,1,74
25,0,1,1,1,3,0,88
23,0,1,1,1,3,0,99
17,0,1,1,1,3,2,75
22,0,1,1,1,3,3,126
21,0,1,1,1,3,3,100
20,0,1,1,1,3,2,74
23,0,1,1,1,3,2,88
18,1,1,1,1,3,2,67
24,0,1,1,1,3,1,153
19,1,0,0,1,3,1,138
20,0,0,1,1,3,2,70
21,0,1,1,1,3,1,62
18,0,1,1,3,6,2,164
22,0,1,1,1,3,2,88
21,1,1,1,1,3,2,117
18,1,1,1,2,3,0,55
24,1,1,1,1,3,0,103
13,0,1,1,2,3,3,110
13,0,1,1,4,3,3,120
24,1,1,1,1,3,0,47
24,0,1,1,1,3,0,99
16,1,1,1,3,3,3,46
19,1,0,0,1,3,2,148
21,0,1,1,1,3,3,99
22,0,1,1,2,3,2,84
6,1,1,1,4,3,3,60
16,1,1,1,4,3,1,62
20,0,1,1,2,3,2,74
21,0,1,1,2,3,3,104
21,0,0,1,1,3,1,126
17,0,1,1,1,3,2,138
20,0,1,1,1,3,1,75
22,0,1,1,1,3,2,120
24,0,1,1,1,3,2,99
24,1,1,0,1,3,0,82
17,0,1,1,1,3,2,68
18,0,1,1,2,3,3,74
23,0,1,1,1,3,1,69
19,0,1,1,1,3,2,84
16,1,1,1,1,3,2,46
25,1,1,1,1,3,0,82
25,1,1,1,1,3,0,82
21,0,1,1,2,3,2,99
24,0,0,1,1,3,1,99
16,1,1,1,2,3,2,68
19,1,1,1,1,6,2,79
21,1,1,1,1,3,0,82
20,0,1,1,1,3,3,108
24,0,0,1,1,3,0,88
12,1,1,1,2,3,3,67
20,1,1,1,1,3,2,67
23,1,0,1,1,3,1,67
23,0,1,1,2,3,1,74
25,1,1,1,1,3,0,75
22,0,1,1,2,3,3,71
19,0,1,1,1,3,3,62
21,1,1,1,1,3,1,94
16,0,1,1,2,3,2,110
18,1,1,1,2,3,2,198
23,1,1,1,1,3,0,84
24,1,1,1,1,3,0,82
23,0,1,1,1,3,1,170
17,1,1,1,2,6,2,79
12,0,1,1,1,3,3,102
23,0,1,1,1,3,0,126
25,0,1,1,1,3,0,153
14,0,1,1,2,3,3,110
21,0,1,1,1,3,1,138
24,1,1,0,1,3,0,67
16,2,1,1,2,3,3,33
13,1,1,1,2,3,2,67
25,1,1,1,1,6,1,67
14,1,1,1,3,3,3,105
24,0,1,1,1,3,0,88
23,0,1,1,1,3,1,88
17,0,1,1,2,3,3,120
17,0,1,1,2,3,3,63
24,1,1,1,1,3,0,82
22,1,0,1,1,3,1,117
16,1,1,1,1,3,3,79
17,1,1,1,1,3,2,62
25,0,1,1,1,3,0,89
22,0,1,1,1,6,2,74
17,0,1,1,4,3,2,126
15,1,1,1,2,6,2,62
20,1,1,1,1,3,2,82
20,0,1,1,1,3,1,74
17,0,1,1,2,3,2,120
17,0,1,1,2,3,1,63
21,0,1,1,2,3,1,89
21,0,1,1,3,3,2,89
16,0,1,1,2,3,3,68
17,0,1,1,3,3,3,115
24,0,1,1,2,3,1,89
24,1,1,1,1,3,0,84
17,0,1,1,1,3,2,75
19,1,1,1,3,3,2,98
23,0,1,1,1,3,0,99
14,1,1,1,2,3,0,37
24,1,1,1,1,3,0,53
20,1,1,1,1,3,1,66
18,0,1,1,2,3,3,89
25,1,1,1,1,3,0,89
23,0,1,1,1,3,0,77
19,0,1,1,1,3,3,89
23,1,1,1,1,3,0,67
24,0,1,1,1,3,0,83
17,1,1,1,1,3,0,90
20,0,1,1,1,3,2,74
17,1,0,1,3,3,2,118
23,0,0,1,1,3,1,88
20,1,1,1,2,3,2,86
20,0,1,1,1,3,3,126
14,1,1,1,3,6,2,62
20,1,1,1,1,3,1,47
18,0,1,1,1,3,2,90
24,1,1,1,1,3,0,121
3,1,1,0,4,3,2,85
22,1,1,1,1,3,2,82
21,1,1,1,1,3,0,53
24,0,1,0,1,3,2,108
18,1,1,1,3,3,0,68
16,0,1,1,2,3,2,90
20,0,1,0,1,0,1,148
24,0,1,1,1,3,2,70
23,1,1,1,1,3,1,89
19,0,1,1,2,3,2,74
18,0,1,1,3,3,2,74
20,1,1,1,1,3,0,79
25,0,1,1,1,3,0,99
23,1,1,1,1,3,1,67
18,0,1,1,1,6,2,58
22,1,1,1,1,3,1,82
24,1,0,0,1,3,0,138
14,0,1,1,2,3,3,102
23,1,1,1,1,3,0,117
17,1,1,1,1,3,0,46
19,1,1,1,1,3,1,67
24,0,1,1,1,3,1,99
23,1,1,1,1,3,2,82
22,1,1,1,1,3,1,83
20,0,0,1,1,3,3,94
16,0,1,1,2,3,3,110
22,1,1,1,1,3,0,47
13,1,1,1,2,3,2,67
18,1,1,1,1,3,2,46
21,0,1,1,1,3,2,89
19,1,1,1,2,3,1,55
18,1,1,1,1,3,3,178
17,0,1,1,2,3,3,74
18,0,1,1,1,3,2,89
18,0,1,1,2,3,2,74
21,0,1,1,1,3,3,74
18,0,1,1,2,3,3,69
22,0,1,1,2,3,1,48
18,0,1,1,3,6,1,58
21,1,1,1,1,3,0,82
16,0,1,1,3,3,2,70
22,1,1,1,1,3,0,67
24,0,1,1,1,3,1,99
20,0,1,1,2,3,2,108
18,0,1,0,1,0,2,241
24,1,1,0,1,3,0,84
22,0,1,1,1,3,3,105
18,0,1,1,1,3,3,74
20,0,1,1,2,3,2,69
17,0,1,1,2,3,3,65
23,1,1,1,1,3,0,82
23,0,1,1,1,3,2,70
21,1,1,1,1,3,1,47
24,0,1,1,1,3,1,74
23,1,1,1,1,3,2,67
19,0,1,1,1,3,3,101
22,1,1,1,1,3,0,67
23,0,1,1,1,3,1,88
24,0,1,1,2,3,0,148
23,1,0,1,1,3,1,118
17,0,1,1,3,3,3,95
18,1,1,1,1,3,1,66
25,0,1,1,1,3,0,74
16,1,1,1,1,6,2,79
25,1,1,1,1,3,0,82
21,0,1,1,1,3,1,120
22,1,1,1,1,3,2,83
22,1,1,1,2,3,0,82
24,1,1,1,1,3,0,82
19,1,1,1,2,3,2,73
20,1,1,1,2,3,2,55
13,1,1,1,2,3,2,67
23,1,1,1,2,3,1,55
22,1,1,1,1,6,0,82
19,1,1,1,2,3,1,83
20,0,1,1,2,3,3,108
11,1,1,1,2,3,2,60
20,0,1,1,1,3,1,74
16,0,1,1,2,3,3,90
15,0,1,1,2,3,3,71
21,0,1,1,2,3,2,69
23,1,1,1,1,6,1,67
23,0,0,1,1,3,1,74
19,1,1,1,2,3,3,73
17,0,1,1,1,3,3,63
20,1,1,1,1,3,0,94
23,1,1,0,1,3,0,67
23,0,0,1,1,3,1,88
21,1,1,1,2,3,2,86
22,1,1,1,1,3,1,53
16,0,1,1,1,3,3,102
19,0,1,1,1,3,1,74
22,0,1,1,2,3,1,99
22,1,1,1,1,3,0,67
21,0,1,1,3,3,2,71
17,0,1,1,2,3,2,90
13,0,1,1,3,3,3,63
18,1,1,1,2,6,1,62
19,0,1,1,1,3,1,89
18,1,1,1,2,3,2,98
18,0,1,1,2,3,2,140
18,1,1,1,2,3,2,80
15,0,1,1,2,3,3,74
22,0,1,1,2,3,2,88
22,1,1,1,1,3,2,67
20,1,1,1,1,3,2,34
13,1,1,1,2,3,3,94
20,0,1,1,2,3,1,99
21,0,1,1,2,3,2,99
21,0,1,1,1,3,1,70
17,1,1,1,1,3,1,68
23,1,0,1,1,3,0,117
20,0,1,1,2,3,2,101
14,0,1,1,2,3,2,75
24,1,1,1,1,3,0,121
20,1,1,1,2,3,1,47
21,0,1,1,1,3,2,140
22,0,1,1,1,3,3,100
10,1,1,1,1,3,1,46
21,1,1,1,1,3,0,82
15,0,1,1,3,3,3,112
22,0,1,1,1,3,1,89
19,1,1,1,2,3,2,116
24,0,1,1,1,3,0,99
21,1,1,1,3,6,0,67
23,0,1,1,1,3,2,88
18,0,1,0,1,3,3,154
22,0,1,1,3,3,3,74
11,0,1,1,1,6,3,80
20,0,1,0,1,3,2,120
23,1,1,1,2,3,0,82
21,0,1,1,1,3,0,168
21,0,1,1,1,3,0,74
20,0,1,1,1,3,3,120
15,0,1,1,3,3,2,90
21,1,1,1,2,3,1,67
26,1,1,1,1,3,0,73
24,0,1,1,1,3,1,138
21,1,1,0,1,3,2,89
18,0,1,1,3,3,2,89
23,0,1,1,2,3,2,85
21,0,1,1,1,3,2,120
16,0,1,1,2,3,2,110
19,1,1,1,2,3,1,62
18,1,0,1,1,3,0,87
26,1,1,1,1,3,1,89
22,0,1,1,3,3,1,148
22,0,1,1,2,3,1,148
17,0,1,1,2,3,2,74
24,1,1,1,1,3,0,89
23,0,0,1,1,3,0,90
20,0,1,1,1,3,3,67
25,2,1,1,2,3,0,40
22,1,1,1,1,3,1,55
19,0,1,1,2,3,2,126
22,1,1,1,1,3,0,67
17,0,1,1,2,3,3,102
21,1,1,1,1,3,2,82
15,0,1,1,3,3,3,102
20,0,0,1,1,3,1,69
3,1,1,1,3,3,0,37
18,0,1,1,4,3,3,68
20,0,1,1,1,3,3,95
21,0,1,1,1,3,1,74
25,0,1,1,1,3,0,74
21,0,1,1,1,3,2,84
19,0,1,1,2,3,2,138
22,0,1,1,1,3,2,64
20,0,1,1,1,3,3,89
16,0,1,1,1,3,3,90
21,0,1,1,2,3,2,67
24,0,1,1,2,3,0,105
17,0,1,1,2,3,3,68
16,0,1,1,2,3,3,74
17,1,1,1,2,6,0,62
22,0,1,1,1,3,1,63
23,0,1,1,1,3,3,84
23,0,1,1,1,3,1,74
24,0,1,1,1,3,0,74
23,0,1,1,1,3,1,170
19,0,1,1,1,3,3,74
23,1,1,1,2,3,0,67
19,0,1,1,1,6,1,74
18,0,1,1,1,3,1,70
15,0,1,1,1,3,3,138
20,0,1,1,1,3,3,99
17,1,1,1,2,3,1,68
20,0,1,1,2,3,1,140
20,0,1,1,3,3,3,120
17,0,1,1,1,3,3,120
23,0,1,1,1,3,2,74
20,0,1,0,1,0,3,174
22,1,1,1,1,3,1,47
21,1,1,1,1,3,1,47
20,1,1,1,2,3,0,82
20,0,1,1,2,3,3,63
22,1,1,0,2,3,2,121
22,0,1,1,1,3,3,101
21,0,1,1,2,3,2,67
19,0,1,1,1,3,3,108
22,0,0,1,1,3,2,148
24,1,0,0,1,3,0,82
19,0,1,1,2,3,2,138
26,1,1,1,1,3,0,67
25,1,1,0,1,3,0,82
19,0,1,1,2,3,2,62
24,0,1,1,1,3,0,74
13,1,1,1,3,3,3,46
18,2,1,1,1,3,3,55
25,1,1,1,1,3,0,95
25,1,1,1,1,3,0,82
21,1,1,1,1,3,1,55
20,1,1,1,1,3,0,68
24,1,1,1,1,3,1,108
24,1,1,1,1,3,1,82
17,1,1,1,2,3,2,55
14,1,1,1,2,3,3,83
21,0,1,1,1,3,2,89
23,0,1,1,1,3,0,98
23,1,1,1,1,3,0,83
21,0,1,1,2,6,2,74
24,2,1,1,1,3,1,62
24,1,1,1,1,3,0,84
22,0,1,1,1,3,0,140
20,0,1,1,1,3,3,99
21,2,1,1,1,3,1,68
18,0,1,1,2,3,3,104
14,0,1,1,1,3,3,69
19,0,1,1,1,6,1,77
23,1,1,1,2,3,0,83
17,1,1,1,1,3,2,94
24,0,1,1,1,3,1,74
23,0,1,1,1,3,3,88
25,0,1,1,1,3,0,99
22,0,0,0,2,3,1,172
24,1,1,1,1,3,1,67
21,0,0,1,1,3,3,90
19,0,1,1,1,3,2,89
21,0,1,1,1,3,0,67
17,0,1,1,3,3,3,68
19,0,1,1,1,3,3,68
22,0,1,1,1,3,0,108
17,0,1,1,2,3,3,68
24,0,1,1,1,3,0,84
19,0,1,1,2,3,2,138
25,0,1,1,1,3,0,99
20,0,1,1,2,3,3,74
20,0,1,1,2,3,1,89
19,0,1,1,1,3,1,100
21,0,1,1,1,6,1,56
24,1,0,1,1,3,0,86
20,1,1,1,1,3,2,82
17,0,1,1,2,3,1,63
25,0,1,0,1,3,0,74
17,0,1,1,2,3,2,90
24,0,1,1,1,3,1,70
14,1,1,1,1,3,2,46
16,0,1,1,2,3,2,102
18,0,1,1,1,3,3,68
25,1,1,1,1,3,0,82
22,0,1,1,2,3,2,108
18,0,1,1,4,3,2,89
23,0,0,1,1,3,1,109
18,0,1,1,1,3,2,69
18,1,1,1,1,3,1,55
19,0,1,1,1,3,2,74
19,1,1,1,1,3,2,100
21,0,1,1,1,6,3,74
23,0,1,1,2,3,2,70
25,1,0,0,1,3,0,67
15,1,1,1,2,3,2,79
25,1,1,1,1,3,0,82
24,1,1,1,1,3,1,82
23,0,1,1,1,3,2,100
23,1,1,1,1,3,0,87
21,1,1,1,1,3,1,67
20,1,1,1,1,3,1,82
18,0,1,1,2,3,2,90
11,1,1,1,3,3,2,85
16,1,1,1,4,3,2,80
21,1,0,1,1,3,0,117
25,1,0,1,1,3,0,82
20,0,1,1,1,3,3,70
15,0,1,1,2,6,3,72
16,0,1,1,2,3,3,75
21,1,0,1,1,3,1,47
21,0,1,1,1,3,1,140
21,1,1,1,1,3,2,82
11,1,1,1,2,3,2,83
17,0,1,0,2,3,2,154
16,1,1,1,1,3,2,62
14,1,1,1,3,3,3,86
19,0,1,1,2,3,3,140
23,0,1,1,1,3,3,69
21,0,1,0,2,3,1,140
18,1,1,1,1,3,1,67
22,1,0,0,1,3,2,158
21,0,0,1,1,3,2,84
22,2,1,1,2,3,1,58
19,1,1,1,2,3,0,104
21,0,1,1,1,3,3,120
19,0,1,1,2,3,3,101
23,1,1,1,1,3,0,67
20,0,1,1,3,3,3,101
21,0,1,1,3,3,2,70
23,0,1,1,1,3,0,170
22,0,1,1,2,3,2,88
22,1,1,1,1,3,0,67
24,1,1,1,1,3,0,82
23,1,1,1,1,3,1,83
13,1,1,1,2,3,2,46
17,0,1,1,1,3,3,74
24,0,1,0,1,3,0,126
23,0,1,1,2,3,1,74
11,1,1,1,2,3,2,125
24,1,0,1,1,3,0,106
20,0,1,1,2,3,1,63
13,1,1,1,3,3,3,78
25,1,1,1,1,3,0,103
20,1,1,1,1,3,2,67
22,1,1,1,1,3,1,82
25,0,1,1,1,3,0,170
21,0,1,0,2,3,2,140
20,0,0,1,1,3,2,89
22,1,1,1,1,3,1,53
17,1,1,1,3,3,3,80
21,1,1,1,1,3,1,82
19,0,1,1,2,3,2,62
22,0,1,1,2,3,1,148
20,0,1,1,1,3,3,62
17,0,1,1,2,3,3,102
21,0,1,1,1,3,0,88
17,0,1,1,2,3,2,70
19,0,1,1,1,3,2,126
18,1,1,1,1,6,3,62
19,0,1,1,2,3,2,62
22,0,1,1,2,3,2,88
17,0,1,1,1,3,3,74
23,1,1,1,1,3,0,82
17,0,1,0,2,6,2,148
25,1,1,1,1,3,0,82
23,0,1,1,1,3,1,89
16,0,1,1,2,3,2,68
23,0,1,0,1,3,2,126
22,1,1,1,1,3,3,117
23,1,1,1,1,6,0,67
23,1,1,1,1,3,0,84
17,0,1,1,2,3,2,74
16,1,1,1,4,3,2,80
17,1,1,1,2,3,2,67
22,1,1,1,1,3,1,68
22,1,1,0,1,3,2,189
23,0,1,1,1,3,3,67
24,1,1,1,1,3,0,82
18,0,0,0,2,0,2,190
10,1,1,1,2,3,1,37
19,0,1,1,2,3,2,100
16,0,1,1,2,3,3,102
17,0,1,1,2,3,2,104
21,1,1,1,1,3,0,79
23,0,1,1,1,3,2,69
23,1,0,0,1,3,0,117
17,0,1,1,1,6,2,124
13,1,1,1,2,3,2,63
21,1,1,1,2,3,2,68
18,2,1,1,2,3,2,62
21,0,1,1,1,3,2,71
22,1,1,1,2,3,3,74
17,0,1,1,2,3,3,68
23,0,1,1,1,3,1,148
16,0,1,1,2,6,2,148
17,1,1,1,1,6,2,62
23,2,1,1,1,3,0,62
17,0,1,1,4,3,2,74
16,0,1,1,2,3,2,90
26,1,1,1,1,3,0,108
17,0,1,1,1,3,2,71
17,0,1,1,2,3,3,87
21,0,1,1,1,3,3,101
18,0,1,1,1,3,2,102
18,0,1,1,2,3,1,90
21,0,1,1,1,3,2,126
24,1,0,1,1,3,1,82
23,0,1,1,1,3,2,99
14,0,1,1,1,3,3,63
17,0,1,1,1,3,2,68
20,1,0,1,2,3,1,47
18,1,0,1,1,3,1,86
17,0,1,1,2,3,3,102
21,1,0,1,1,3,1,82
22,0,1,1,1,3,2,88
21,0,1,1,1,3,2,74
19,0,0,1,1,3,1,67
18,0,1,1,2,3,3,102
16,0,1,1,2,3,3,63
24,1,1,0,1,3,0,118
18,0,1,1,2,3,1,75
22,0,0,0,2,6,1,197
16,0,1,1,3,3,3,63
19,0,1,1,2,3,2,74
19,0,1,1,2,3,2,74
22,0,1,1,1,3,1,108
24,1,1,1,1,3,0,68
22,0,1,1,1,6,2,92
18,0,1,0,3,3,3,120
22,1,1,1,1,3,0,82
21,0,1,1,1,6,3,72
23,1,1,1,1,3,0,73
25,0,1,1,1,3,0,74
16,1,1,1,1,3,3,90
18,0,1,1,1,3,2,126
25,1,0,1,1,3,0,95
17,0,1,1,1,3,3,90
21,0,1,1,1,3,3,99
14,0,1,1,2,6,1,52
26,1,1,0,1,3,0,82
23,1,1,1,1,3,0,87
21,0,1,1,2,3,1,71
25,1,1,1,1,3,0,82
21,1,1,1,1,3,1,82
24,1,1,1,1,3,1,84
21,1,1,1,3,3,1,67
23,1,1,1,1,3,2,83
20,1,1,1,1,3,0,67
24,0,1,1,1,3,0,153
14,0,1,0,2,0,2,170
22,0,1,0,2,0,1,134
25,1,1,0,1,3,0,121
16,0,1,1,1,3,3,141
15,1,1,1,1,6,1,89
23,1,1,0,1,3,0,118
20,0,1,1,3,3,2,74
21,1,1,1,1,3,0,82
13,0,1,1,3,3,3,63
24,0,1,1,1,3,0,74
21,0,1,1,1,3,2,75
22,1,1,1,3,3,2,73
17,0,1,0,2,0,2,168
25,0,1,0,1,3,1,79
19,0,1,1,1,6,2,58
13,0,1,1,3,3,3,68
11,0,1,1,1,3,3,90
21,1,1,1,2,3,1,83
21,0,1,1,1,3,2,74
21,1,1,1,2,3,1,47
19,0,1,1,2,3,2,108
18,0,1,1,2,3,3,120
22,1,1,1,2,3,2,34
21,1,1,1,1,3,0,94
18,0,1,1,1,3,3,102
24,0,1,1,1,3,1,84
22,0,1,1,2,3,2,101
17,0,0,0,1,0,2,170
26,1,1,1,2,3,2,82
24,0,0,0,1,3,0,109
19,0,0,1,1,3,2,113
23,1,0,0,2,3,0,178
19,0,1,1,2,3,2,74
23,0,1,1,2,3,1,99
22,1,0,0,1,3,2,104
23,0,1,1,1,3,1,99
19,0,0,0,1,3,2,148
14,1,1,1,4,3,2,105
12,1,1,1,2,3,2,67
9,1,1,1,1,3,3,60
22,0,1,1,1,3,2,89
15,1,1,1,1,3,2,80
12,0,1,1,2,3,2,120
17,1,1,1,2,3,0,73
23,0,1,1,1,3,1,126
18,1,1,1,2,3,3,67
19,0,1,1,1,3,2,74
21,0,1,1,1,3,3,67
22,0,1,1,1,3,2,75
17,0,1,1,2,3,2,71
21,0,1,1,2,3,3,84
22,1,1,1,1,3,0,53
24,1,1,1,2,3,0,82
15,0,1,1,2,3,3,68
23,0,1,1,1,3,2,170
19,0,1,1,2,3,3,74
24,1,1,0,1,3,0,83
24,0,0,1,1,3,1,88
20,0,1,1,1,3,3,65
22,1,1,1,1,3,0,82
21,0,1,1,1,3,0,74
25,0,1,1,1,3,0,138
23,1,1,1,1,3,0,89
11,1,1,1,2,3,2,60
16,0,1,1,2,3,3,68
17,1,1,1,1,3,3,85
22,1,0,1,1,3,0,47
22,1,1,1,1,3,1,67
15,1,1,1,2,3,3,105
18,2,1,1,1,3,0,68
22,0,1,0,2,3,2,100
15,0,1,1,1,3,3,75
23,1,1,1,1,3,0,67
23,2,1,1,1,3,3,62
13,2,1,1,2,3,3,33
19,0,1,1,2,3,2,74
20,0,1,1,2,3,2,67
23,0,1,1,1,3,0,170
24,1,1,1,1,3,0,53
20,1,1,1,2,3,1,67
23,1,1,1,1,3,0,82
19,0,0,1,2,3,2,99
15,1,1,1,1,3,1,46
15,1,1,1,3,3,3,118
14,2,1,1,2,3,3,58
23,1,1,1,1,3,1,67
24,0,1,0,2,3,1,88
25,1,1,1,1,3,0,72
25,0,1,1,1,3,2,74
21,0,1,1,3,3,2,99
17,1,1,1,2,3,3,68
17,2,1,1,1,3,2,58
17,0,1,1,2,3,3,71
20,0,1,1,2,3,1,104
23,0,0,0,1,3,2,172
24,1,1,1,1,3,0,87
24,1,1,1,1,6,0,54
21,0,1,1,1,3,2,89
19,1,1,1,1,3,2,87
24,0,1,1,1,3,2,74
6,0,1,1,2,3,3,68
21,0,1,1,1,3,2,68
24,0,1,1,1,3,0,89
24,1,1,1,1,3,0,82
21,0,1,1,2,3,1,126
20,1,1,1,1,3,0,82
17,0,0,1,1,3,2,90
22,0,1,1,1,3,3,140
18,0,1,1,2,3,3,62
17,1,1,1,2,3,1,75
13,1,1,0,2,3,2,152
20,0,1,1,2,3,1,89
14,1,1,1,3,3,2,94
21,0,1,1,2,3,1,47
25,1,1,0,1,3,0,118
17,1,1,1,2,3,2,86
21,0,0,1,1,3,2,99
23,0,1,1,3,3,0,126
22,0,1,0,1,3,3,140
23,0,1,1,2,3,1,140
19,1,1,1,4,3,1,47
23,0,1,1,1,3,0,74
21,0,1,1,1,3,3,74
20,0,1,1,1,3,3,74
17,0,1,1,2,3,2,74
17,0,1,1,1,3,2,69
24,0,1,1,1,3,0,153
22,1,1,1,1,6,1,77
23,1,1,1,1,3,0,82
18,1,1,1,2,3,2,79
17,1,1,1,2,3,3,73
17,1,1,1,1,3,2,64
23,1,1,1,1,3,0,82
17,1,1,1,1,3,2,80
11,1,1,1,4,3,1,67
23,0,1,1,1,3,1,88
15,1,1,1,2,3,2,62
20,0,1,1,2,3,2,88
19,0,1,1,2,3,3,74
17,1,1,1,2,3,2,55
20,0,1,1,1,3,0,105
18,1,1,1,2,3,1,86
23,0,0,0,1,3,0,74
12,1,1,1,2,3,2,100
17,0,1,1,3,3,2,90
21,0,1,1,1,3,0,74
22,0,1,1,2,3,1,88
21,0,1,1,1,3,2,120
9,0,1,1,2,3,3,82
18,1,1,1,2,3,3,55
18,0,1,1,2,3,3,104
18,0,1,1,1,3,1,104
18,1,1,1,1,3,2,67
21,0,1,1,2,3,1,100
17,0,1,1,4,3,3,89
22,0,1,1,2,3,0,99
23,0,1,1,1,3,1,148
21,1,1,1,1,3,0,82
22,0,1,0,1,3,3,126
25,1,1,1,1,3,0,67
23,0,1,1,1,3,3,148
17,0,1,1,1,3,3,102
22,1,1,1,1,3,0,53
22,0,1,1,1,3,2,88
23,0,0,0,1,3,0,104
18,0,1,1,2,3,3,68
18,1,1,1,2,3,1,87
25,1,1,1,1,3,0,82
23,0,0,1,1,3,1,99
14,1,1,1,3,3,2,67
